 0000,111,2.981e-001,0.2968,0.2832
 0000,111,2.330e-001,0.3035,0.2754
 0000,111,2.670e-001,0.3121,0.2855
 0000,111,2.500e-001,0.2857,0.2850
 0000,111,2.922e-001,0.3051,0.2725
 0000,111,2.868e-001,0.3246,0.2750
 0000,111,3.051e-001,0.3516,0.2859
 0000,111,3.497e-001,0.3740,0.2998
 0000,111,3.783e-001,0.4060,0.2919
 0000,111,4.637e-001,0.4461,0.3096
 0000,111,6.086e-001,0.4691,0.3083
 0000,111,7.026e-001,0.4999,0.3142
 0000,111,8.169e-001,0.5178,0.3224
 0000,111,9.955e-001,0.5433,0.3283
 0000,111,1.197e+000,0.5538,0.3275
 0000,111,1.376e+000,0.5805,0.3331
 0000,111,1.695e+000,0.5719,0.3302
 0000,111,1.915e+000,0.5825,0.3304
 0000,111,2.154e+000,0.5948,0.3343
 0000,111,2.439e+000,0.6042,0.3369
 0000,111,2.871e+000,0.6023,0.3369
 0000,111,3.264e+000,0.6075,0.3388
 0000,111,3.589e+000,0.6150,0.3384
 0000,111,4.075e+000,0.6147,0.3393
 0000,111,4.497e+000,0.6158,0.3387
 0000,111,4.999e+000,0.6173,0.3395
 0000,111,5.491e+000,0.6196,0.3399
 0000,111,6.008e+000,0.6215,0.3400
 0000,111,6.604e+000,0.6234,0.3403
 0000,111,7.066e+000,0.6319,0.3498
 0000,111,7.729e+000,0.6276,0.3414
 0000,111,8.273e+000,0.6301,0.3421
 0000,111,8.976e+000,0.6279,0.3415
 0000,111,9.634e+000,0.6291,0.3419
 0000,111,1.038e+001,0.6276,0.3413
 0000,111,1.104e+001,0.6306,0.3423
 0000,111,1.180e+001,0.6311,0.3424
 0000,111,1.276e+001,0.6317,0.3425
 0000,111,1.366e+001,0.6329,0.3429
 0000,111,1.460e+001,0.6338,0.3427
 0000,111,1.557e+001,0.6353,0.3431
 0000,111,1.658e+001,0.6355,0.3434
 0000,111,1.770e+001,0.6350,0.3433
 0000,111,1.878e+001,0.6365,0.3436
 0000,111,1.996e+001,0.6360,0.3436
 0000,111,2.128e+001,0.6358,0.3439
 0000,111,2.250e+001,0.6369,0.3438
 0000,111,2.373e+001,0.6384,0.3441
 0000,111,2.529e+001,0.6373,0.3438
 0000,111,2.677e+001,0.6379,0.3441
 0000,111,2.831e+001,0.6391,0.3444
 0000,111,2.964e+001,0.6393,0.3445
 0000,111,2.011e-001,0.2814,0.2722
 0000,111,2.890e-001,0.2985,0.2950
 0000,111,2.140e-001,0.2838,0.2863
 0000,111,2.577e-001,0.2832,0.2986
 0000,111,2.615e-001,0.2880,0.3141
 0000,111,3.911e-001,0.3012,0.3385
 0000,111,4.808e-001,0.2833,0.3712
 0000,111,5.755e-001,0.2890,0.4109
 0000,111,7.563e-001,0.2839,0.4415
 0000,111,9.802e-001,0.2835,0.4942
 0000,111,1.369e+000,0.2768,0.5147
 0000,111,1.832e+000,0.2799,0.5228
 0000,111,2.170e+000,0.2801,0.5472
 0000,111,2.907e+000,0.2829,0.5480
 0000,111,3.479e+000,0.2798,0.5770
 0000,111,4.240e+000,0.2791,0.5768
 0000,111,5.019e+000,0.2793,0.5856
 0000,111,5.887e+000,0.2796,0.5879
 0000,111,6.745e+000,0.2802,0.5921
 0000,111,7.701e+000,0.2802,0.5976
 0000,111,8.809e+000,0.2795,0.5976
 0000,111,1.018e+001,0.2799,0.6035
 0000,111,1.151e+001,0.2799,0.6024
 0000,111,1.302e+001,0.2801,0.6043
 0000,111,1.441e+001,0.2799,0.6069
 0000,111,1.619e+001,0.2799,0.6065
 0000,111,1.772e+001,0.2802,0.6089
 0000,111,1.952e+001,0.2802,0.6106
 0000,111,2.151e+001,0.2802,0.6106
 0000,111,2.328e+001,0.2807,0.6116
 0000,111,2.520e+001,0.2805,0.6124
 0000,111,2.720e+001,0.2810,0.6136
 0000,111,2.937e+001,0.2811,0.6132
 0000,111,3.144e+001,0.2811,0.6144
 0000,111,3.369e+001,0.2810,0.6154
 0000,111,3.603e+001,0.2817,0.6147
 0000,111,3.804e+001,0.2813,0.6166
 0000,111,4.093e+001,0.2818,0.6163
 0000,111,4.394e+001,0.2820,0.6165
 0000,111,4.684e+001,0.2823,0.6172
 0000,111,4.968e+001,0.2830,0.6164
 0000,111,5.234e+001,0.2832,0.6168
-4996
-4996
-4996
-4996
-4996
-4996
-4996
-4996
-4996
-4996
 0000,111,2.228e-001,0.2817,0.2773
 0000,111,2.323e-001,0.2886,0.2688
 0000,111,2.218e-001,0.2730,0.2799
 0000,111,2.110e-001,0.2781,0.2792
 0000,111,3.977e-001,0.3022,0.2800
 0000,111,2.323e-001,0.2756,0.2534
 0000,111,2.539e-001,0.2690,0.2443
 0000,111,2.437e-001,0.2379,0.2101
 0000,111,2.377e-001,0.2178,0.1803
 0000,111,2.862e-001,0.2153,0.1682
 0000,111,2.969e-001,0.1957,0.1377
 0000,111,2.841e-001,0.1821,0.1124
 0000,111,4.212e-001,0.1862,0.1146
 0000,111,4.378e-001,0.1777,0.1012
 0000,111,4.365e-001,0.1667,0.0845
 0000,111,5.770e-001,0.1687,0.0883
 0000,111,5.973e-001,0.1624,0.0772
 0000,111,6.944e-001,0.1606,0.0760
 0000,111,8.542e-001,0.1620,0.0763
 0000,111,8.738e-001,0.1560,0.0698
 0000,111,1.022e+000,0.1560,0.0695
 0000,111,1.178e+000,0.1580,0.0700
 0000,111,1.237e+000,0.1534,0.0654
 0000,111,1.374e+000,0.1549,0.0651
 0000,111,1.553e+000,0.1538,0.0647
 0000,111,1.707e+000,0.1527,0.0640
 0000,111,1.856e+000,0.1512,0.0621
 0000,111,2.025e+000,0.1512,0.0621
 0000,111,2.250e+000,0.1518,0.0625
 0000,111,2.422e+000,0.1516,0.0622
 0000,111,2.601e+000,0.1506,0.0612
 0000,111,2.818e+000,0.1509,0.0611
 0000,111,3.041e+000,0.1504,0.0607
 0000,111,3.306e+000,0.1509,0.0611
 0000,111,3.527e+000,0.1507,0.0612
 0000,111,3.726e+000,0.1501,0.0609
 0000,111,3.925e+000,0.1501,0.0605
 0000,111,4.138e+000,0.1496,0.0598
 0000,111,4.416e+000,0.1499,0.0606
 0000,111,4.668e+000,0.1496,0.0603
 0000,111,4.920e+000,0.1499,0.0606
 0000,111,5.298e+000,0.1501,0.0612
 0000,111,5.456e+000,0.1492,0.0602
 0000,111,5.889e+000,0.1493,0.0609
 0000,111,6.119e+000,0.1490,0.0605
 0000,111,6.526e+000,0.1491,0.0608
 0000,111,6.819e+000,0.1488,0.0609
 0000,111,7.145e+000,0.1487,0.0607
 0000,111,7.504e+000,0.1488,0.0612
 0000,111,7.925e+000,0.1489,0.0616
 0000,111,8.198e+000,0.1484,0.0614
 0000,111,8.606e+000,0.1487,0.0620
