 0000,11,5.440e+002,3.364e-002,9.134e+016
 380,1.571e-005
 382,9.309e-006
 384,6.933e-006
 386,1.437e-005
 388,7.735e-006
 390,7.172e-007
 392,3.420e-006
 394,8.337e-006
 396,2.850e-006
 398,1.473e-006
 400,8.930e-007
 402,7.237e-008
 404,2.469e-006
 406,3.995e-006
 408,2.972e-006
 410,4.259e-008
 412,3.079e-007
 414,3.544e-006
 416,6.386e-007
 418,1.024e-006
 420,4.826e-006
 422,4.861e-006
 424,1.520e-006
 426,2.959e-006
 428,1.067e-006
 430,3.462e-006
 432,8.731e-006
 434,1.070e-005
 436,1.147e-005
 438,8.564e-006
 440,5.406e-006
 442,4.936e-006
 444,6.751e-006
 446,6.930e-006
 448,7.366e-006
 450,7.745e-006
 452,7.773e-006
 454,8.509e-006
 456,5.511e-006
 458,5.814e-006
 460,6.822e-006
 462,7.406e-006
 464,8.207e-006
 466,1.048e-005
 468,1.297e-005
 470,1.741e-005
 472,2.520e-005
 474,3.783e-005
 476,6.021e-005
 478,8.360e-005
 480,1.200e-004
 482,1.777e-004
 484,2.689e-004
 486,3.580e-004
 488,4.005e-004
 490,4.053e-004
 492,3.766e-004
 494,3.322e-004
 496,2.891e-004
 498,2.347e-004
 500,1.818e-004
 502,1.322e-004
 504,9.844e-005
 506,8.149e-005
 508,7.296e-005
 510,6.362e-005
 512,6.276e-005
 514,5.583e-005
 516,4.844e-005
 518,4.352e-005
 520,4.038e-005
 522,3.231e-005
 524,3.004e-005
 526,2.748e-005
 528,2.760e-005
 530,3.801e-005
 532,5.325e-005
 534,9.626e-005
 536,2.057e-004
 538,5.055e-004
 540,1.082e-003
 542,1.768e-003
 544,2.015e-003
 546,1.681e-003
 548,1.117e-003
 550,6.024e-004
 552,3.663e-004
 554,2.112e-004
 556,1.071e-004
 558,4.969e-005
 560,3.026e-005
 562,2.319e-005
 564,1.568e-005
 566,1.421e-005
 568,1.206e-005
 570,1.506e-005
 572,2.642e-005
 574,6.317e-005
 576,1.161e-004
 578,1.578e-004
 580,1.840e-004
 582,1.945e-004
 584,2.007e-004
 586,1.954e-004
 588,1.632e-004
 590,1.306e-004
 592,8.771e-005
 594,5.492e-005
 596,3.836e-005
 598,2.440e-005
 600,1.874e-005
 602,1.393e-005
 604,1.352e-005
 606,1.660e-005
 608,3.969e-005
 610,5.794e-005
 612,6.042e-005
 614,4.725e-005
 616,2.351e-005
 618,1.628e-005
 620,1.393e-005
 622,6.568e-006
 624,8.260e-006
 626,3.759e-006
 628,1.825e-006
 630,5.604e-006
 632,6.382e-006
 634,3.519e-006
 636,3.766e-006
 638,1.681e-006
 640,2.702e-006
 642,3.177e-015
 644,2.713e-006
 646,1.587e-006
 648,2.833e-006
 650,3.099e-006
 652,1.785e-006
 654,1.145e-006
 656,1.659e-006
 658,3.923e-006
 660,2.449e-006
 662,4.794e-006
 664,7.931e-006
 666,2.230e-006
 668,5.771e-006
 670,2.897e-006
 672,5.351e-006
 674,7.532e-006
 676,5.860e-006
 678,4.341e-006
 680,4.872e-006
 682,1.140e-006
 684,4.027e-006
 686,8.197e-007
 688,2.598e-006
 690,7.419e-006
 692,1.745e-006
 694,9.506e-008
 696,2.214e-006
 698,5.074e-015
 700,1.032e-006
 702,1.409e-006
 704,5.400e-015
 706,6.246e-006
 708,5.865e-006
 710,1.411e-005
 712,1.232e-005
 714,7.476e-006
 716,4.809e-006
 718,9.242e-006
 720,5.096e-006
 722,5.822e-007
 724,6.994e-015
 726,1.077e-005
 728,4.443e-006
 730,3.314e-006
 732,2.866e-006
 734,2.891e-006
 736,8.382e-007
 738,1.090e-005
 740,6.051e-006
 742,9.164e-015
 744,7.632e-006
 746,3.623e-006
 748,1.715e-006
 750,9.427e-006
 752,7.413e-006
 754,1.557e-005
 756,2.115e-005
 758,1.880e-005
 760,5.139e-006
 762,1.266e-014
 764,1.205e-005
 766,1.345e-005
 768,3.813e-007
 770,7.358e-006
 772,1.589e-005
 774,8.207e-006
 776,9.585e-006
 778,3.669e-006
 780,1.655e-014
