 0000,11,6.120e+002,1.854e-002,5.723e+016
 380,2.696e-006
 382,1.274e-006
 384,1.746e-006
 386,2.226e-006
 388,2.800e-007
 390,2.240e-006
 392,2.417e-007
 394,3.181e-006
 396,2.423e-006
 398,1.036e-006
 400,2.645e-006
 402,3.388e-006
 404,8.027e-006
 406,7.705e-006
 408,5.337e-006
 410,4.452e-006
 412,4.809e-006
 414,5.686e-006
 416,6.561e-006
 418,7.124e-006
 420,9.606e-006
 422,1.077e-005
 424,1.149e-005
 426,1.200e-005
 428,1.319e-005
 430,1.276e-005
 432,1.694e-005
 434,2.182e-005
 436,2.219e-005
 438,1.799e-005
 440,1.211e-005
 442,8.993e-006
 444,8.449e-006
 446,8.609e-006
 448,7.646e-006
 450,6.978e-006
 452,6.247e-006
 454,5.650e-006
 456,5.944e-006
 458,5.102e-006
 460,4.899e-006
 462,4.919e-006
 464,4.514e-006
 466,3.894e-006
 468,4.161e-006
 470,3.207e-006
 472,3.335e-006
 474,3.497e-006
 476,4.327e-006
 478,4.887e-006
 480,5.222e-006
 482,7.742e-006
 484,1.019e-005
 486,1.131e-005
 488,1.212e-005
 490,1.157e-005
 492,1.043e-005
 494,8.145e-006
 496,7.010e-006
 498,5.431e-006
 500,3.459e-006
 502,2.444e-006
 504,2.232e-006
 506,1.684e-006
 508,8.200e-007
 510,1.406e-006
 512,1.112e-006
 514,1.320e-006
 516,1.516e-006
 518,3.426e-007
 520,6.707e-007
 522,1.793e-006
 524,5.207e-007
 526,1.027e-006
 528,1.660e-007
 530,4.414e-007
 532,1.101e-006
 534,1.622e-006
 536,2.134e-006
 538,4.167e-006
 540,7.946e-006
 542,1.343e-005
 544,1.412e-005
 546,1.202e-005
 548,8.038e-006
 550,5.047e-006
 552,3.797e-006
 554,2.254e-006
 556,1.011e-006
 558,1.157e-006
 560,1.231e-006
 562,1.245e-006
 564,1.401e-007
 566,5.512e-007
 568,3.082e-007
 570,2.509e-007
 572,1.162e-006
 574,5.054e-006
 576,1.515e-005
 578,3.312e-005
 580,6.386e-005
 582,1.037e-004
 584,1.557e-004
 586,2.023e-004
 588,2.136e-004
 590,2.031e-004
 592,1.667e-004
 594,1.302e-004
 596,1.065e-004
 598,9.040e-005
 600,8.311e-005
 602,7.226e-005
 604,7.337e-005
 606,1.718e-004
 608,5.119e-004
 610,8.394e-004
 612,9.380e-004
 614,7.409e-004
 616,4.534e-004
 618,3.427e-004
 620,3.092e-004
 622,2.814e-004
 624,2.225e-004
 626,1.839e-004
 628,1.745e-004
 630,1.599e-004
 632,1.283e-004
 634,7.638e-005
 636,3.974e-005
 638,3.056e-005
 640,2.809e-005
 642,3.065e-005
 644,3.239e-005
 646,4.018e-005
 648,4.927e-005
 650,5.434e-005
 652,4.804e-005
 654,3.643e-005
 656,2.533e-005
 658,2.478e-005
 660,2.904e-005
 662,3.127e-005
 664,3.490e-005
 666,3.283e-005
 668,3.082e-005
 670,2.917e-005
 672,2.746e-005
 674,2.569e-005
 676,2.527e-005
 678,2.844e-005
 680,2.754e-005
 682,2.376e-005
 684,2.506e-005
 686,2.656e-005
 688,2.335e-005
 690,2.398e-005
 692,2.226e-005
 694,1.855e-005
 696,1.510e-005
 698,9.595e-006
 700,1.118e-005
 702,2.101e-005
 704,3.890e-005
 706,6.198e-005
 708,7.530e-005
 710,7.402e-005
 712,5.573e-005
 714,3.687e-005
 716,1.972e-005
 718,1.080e-005
 720,5.171e-006
 722,3.543e-006
 724,2.960e-006
 726,1.160e-006
 728,6.080e-007
 730,1.504e-006
 732,2.472e-007
 734,5.457e-007
 736,5.340e-007
 738,4.018e-006
 740,5.725e-006
 742,2.326e-006
 744,7.127e-006
 746,5.034e-006
 748,3.853e-006
 750,5.305e-006
 752,1.188e-006
 754,6.714e-007
 756,2.756e-006
 758,4.741e-006
 760,1.380e-006
 762,1.072e-005
 764,1.106e-006
 766,7.760e-006
 768,7.919e-006
 770,6.536e-006
 772,5.470e-006
 774,1.076e-005
 776,7.565e-006
 778,8.778e-006
 780,2.881e-006
