 0000,11,4.360e+002,2.646e-002,6.146e+016
 380,1.557e-006
 382,3.645e-006
 384,5.726e-006
 386,3.362e-006
 388,3.522e-006
 390,3.524e-006
 392,2.844e-006
 394,4.933e-006
 396,5.505e-006
 398,8.093e-006
 400,9.559e-006
 402,1.488e-005
 404,2.167e-005
 406,2.112e-005
 408,1.955e-005
 410,2.108e-005
 412,2.893e-005
 414,4.133e-005
 416,5.592e-005
 418,7.731e-005
 420,9.947e-005
 422,1.282e-004
 424,1.682e-004
 426,2.045e-004
 428,2.461e-004
 430,3.064e-004
 432,4.471e-004
 434,6.363e-004
 436,6.948e-004
 438,6.085e-004
 440,4.393e-004
 442,3.744e-004
 444,3.825e-004
 446,3.825e-004
 448,3.857e-004
 450,3.822e-004
 452,3.799e-004
 454,3.722e-004
 456,3.605e-004
 458,3.428e-004
 460,3.257e-004
 462,3.123e-004
 464,2.964e-004
 466,2.820e-004
 468,2.621e-004
 470,2.426e-004
 472,2.264e-004
 474,2.093e-004
 476,1.912e-004
 478,1.820e-004
 480,1.880e-004
 482,2.150e-004
 484,2.609e-004
 486,2.985e-004
 488,2.988e-004
 490,2.688e-004
 492,2.205e-004
 494,1.704e-004
 496,1.323e-004
 498,9.827e-005
 500,6.915e-005
 502,4.545e-005
 504,3.112e-005
 506,2.310e-005
 508,1.812e-005
 510,1.438e-005
 512,1.207e-005
 514,1.017e-005
 516,8.387e-006
 518,6.595e-006
 520,4.567e-006
 522,5.000e-006
 524,3.893e-006
 526,3.049e-006
 528,2.918e-006
 530,2.915e-006
 532,3.125e-006
 534,3.910e-006
 536,8.895e-006
 538,1.869e-005
 540,3.627e-005
 542,5.757e-005
 544,6.310e-005
 546,5.014e-005
 548,3.188e-005
 550,1.523e-005
 552,9.130e-006
 554,4.751e-006
 556,2.689e-006
 558,1.432e-006
 560,1.584e-006
 562,1.561e-006
 564,5.823e-007
 566,3.642e-007
 568,8.577e-007
 570,7.767e-007
 572,3.561e-007
 574,9.467e-007
 576,1.757e-006
 578,2.915e-006
 580,3.496e-006
 582,3.715e-006
 584,5.063e-006
 586,6.059e-006
 588,5.553e-006
 590,5.190e-006
 592,4.171e-006
 594,3.531e-006
 596,2.291e-006
 598,1.379e-006
 600,1.963e-006
 602,1.285e-006
 604,1.110e-006
 606,2.511e-006
 608,7.251e-006
 610,1.135e-005
 612,1.041e-005
 614,9.420e-006
 616,6.156e-006
 618,4.214e-006
 620,4.728e-006
 622,4.762e-006
 624,4.385e-006
 626,3.967e-006
 628,2.572e-006
 630,1.540e-006
 632,2.002e-006
 634,1.474e-006
 636,1.727e-006
 638,1.113e-006
 640,5.667e-007
 642,1.332e-006
 644,1.053e-006
 646,1.243e-006
 648,2.571e-006
 650,9.804e-007
 652,2.865e-006
 654,2.518e-006
 656,9.590e-007
 658,1.601e-006
 660,1.842e-006
 662,2.692e-006
 664,2.123e-006
 666,8.005e-007
 668,9.428e-007
 670,1.276e-006
 672,2.181e-007
 674,4.317e-007
 676,6.479e-007
 678,9.085e-008
 680,1.897e-006
 682,2.927e-007
 684,2.876e-007
 686,1.176e-006
 688,6.725e-007
 690,1.029e-006
 692,1.689e-006
 694,1.887e-007
 696,1.213e-006
 698,1.192e-006
 700,1.989e-006
 702,2.452e-006
 704,2.392e-006
 706,2.141e-006
 708,2.360e-006
 710,3.600e-006
 712,1.408e-006
 714,2.124e-006
 716,2.198e-006
 718,3.509e-006
 720,3.927e-006
 722,2.709e-006
 724,2.755e-006
 726,3.668e-007
 728,2.195e-006
 730,3.822e-006
 732,1.445e-006
 734,4.197e-006
 736,4.858e-006
 738,2.672e-006
 740,2.837e-006
 742,4.047e-006
 744,5.785e-006
 746,1.022e-006
 748,1.752e-006
 750,1.118e-006
 752,2.708e-006
 754,1.074e-006
 756,1.871e-006
 758,5.242e-007
 760,3.935e-015
 762,1.565e-006
 764,6.500e-006
 766,2.803e-006
 768,2.456e-007
 770,2.900e-006
 772,8.290e-006
 774,5.533e-006
 776,3.255e-006
 778,3.808e-006
 780,2.536e-006
