2,1,3
3,1,4
4,1,5
5,1,6
6,1,7
7,1,8
8,1,9
9,1,10
10,1,11
11,1,12
12,1,13
13,1,14
14,1,15
15,1,16
16,1,17
17,1,18
18,1,19
19,1,20
20,1,21
21,1,2
182,162,183
162,163,183
183,163,184
163,164,184
184,164,185
164,165,185
185,165,186
165,166,186
186,166,187
166,167,187
187,167,188
167,168,188
188,168,189
168,169,189
189,169,190
169,170,190
190,170,191
170,171,191
191,171,192
171,172,192
192,172,193
172,173,193
193,173,194
173,174,194
194,174,195
174,175,195
195,175,196
175,176,196
196,176,197
176,177,197
197,177,198
177,178,198
198,178,199
178,179,199
199,179,200
179,180,200
200,180,201
180,181,201
201,181,182
181,162,182
162,142,163
142,143,163
163,143,164
143,144,164
164,144,165
144,145,165
165,145,166
145,146,166
166,146,167
146,147,167
167,147,168
147,148,168
168,148,169
148,149,169
169,149,170
149,150,170
170,150,171
150,151,171
171,151,172
151,152,172
172,152,173
152,153,173
173,153,174
153,154,174
174,154,175
154,155,175
175,155,176
155,156,176
176,156,177
156,157,177
177,157,178
157,158,178
178,158,179
158,159,179
179,159,180
159,160,180
180,160,181
160,161,181
181,161,162
161,142,162
142,122,143
122,123,143
143,123,144
123,124,144
144,124,145
124,125,145
145,125,146
125,126,146
146,126,147
126,127,147
147,127,148
127,128,148
148,128,149
128,129,149
149,129,150
129,130,150
150,130,151
130,131,151
151,131,152
131,132,152
152,132,153
132,133,153
153,133,154
133,134,154
154,134,155
134,135,155
155,135,156
135,136,156
156,136,157
136,137,157
157,137,158
137,138,158
158,138,159
138,139,159
159,139,160
139,140,160
160,140,161
140,141,161
161,141,142
141,122,142
122,102,123
102,103,123
123,103,124
103,104,124
124,104,125
104,105,125
125,105,126
105,106,126
126,106,127
106,107,127
127,107,128
107,108,128
128,108,129
108,109,129
129,109,130
109,110,130
130,110,131
110,111,131
131,111,132
111,112,132
132,112,133
112,113,133
133,113,134
113,114,134
134,114,135
114,115,135
135,115,136
115,116,136
136,116,137
116,117,137
137,117,138
117,118,138
138,118,139
118,119,139
139,119,140
119,120,140
140,120,141
120,121,141
141,121,122
121,102,122
102,82,103
82,83,103
103,83,104
83,84,104
104,84,105
84,85,105
105,85,106
85,86,106
106,86,107
86,87,107
107,87,108
87,88,108
108,88,109
88,89,109
109,89,110
89,90,110
110,90,111
90,91,111
111,91,112
91,92,112
112,92,113
92,93,113
113,93,114
93,94,114
114,94,115
94,95,115
115,95,116
95,96,116
116,96,117
96,97,117
117,97,118
97,98,118
118,98,119
98,99,119
119,99,120
99,100,120
120,100,121
100,101,121
121,101,102
101,82,102
82,62,83
62,63,83
83,63,84
63,64,84
84,64,85
64,65,85
85,65,86
65,66,86
86,66,87
66,67,87
87,67,88
67,68,88
88,68,89
68,69,89
89,69,90
69,70,90
90,70,91
70,71,91
91,71,92
71,72,92
92,72,93
72,73,93
93,73,94
73,74,94
94,74,95
74,75,95
95,75,96
75,76,96
96,76,97
76,77,97
97,77,98
77,78,98
98,78,99
78,79,99
99,79,100
79,80,100
100,80,101
80,81,101
101,81,82
81,62,82
62,42,63
42,43,63
63,43,64
43,44,64
64,44,65
44,45,65
65,45,66
45,46,66
66,46,67
46,47,67
67,47,68
47,48,68
68,48,69
48,49,69
69,49,70
49,50,70
70,50,71
50,51,71
71,51,72
51,52,72
72,52,73
52,53,73
73,53,74
53,54,74
74,54,75
54,55,75
75,55,76
55,56,76
76,56,77
56,57,77
77,57,78
57,58,78
78,58,79
58,59,79
79,59,80
59,60,80
80,60,81
60,61,81
81,61,62
61,42,62
42,22,43
22,23,43
43,23,44
23,24,44
44,24,45
24,25,45
45,25,46
25,26,46
46,26,47
26,27,47
47,27,48
27,28,48
48,28,49
28,29,49
49,29,50
29,30,50
50,30,51
30,31,51
51,31,52
31,32,52
52,32,53
32,33,53
53,33,54
33,34,54
54,34,55
34,35,55
55,35,56
35,36,56
56,36,57
36,37,57
57,37,58
37,38,58
58,38,59
38,39,59
59,39,60
39,40,60
60,40,61
40,41,61
61,41,42
41,22,42
22,2,23
2,3,23
23,3,24
3,4,24
24,4,25
4,5,25
25,5,26
5,6,26
26,6,27
6,7,27
27,7,28
7,8,28
28,8,29
8,9,29
29,9,30
9,10,30
30,10,31
10,11,31
31,11,32
11,12,32
32,12,33
12,13,33
33,13,34
13,14,34
34,14,35
14,15,35
35,15,36
15,16,36
36,16,37
16,17,37
37,17,38
17,18,38
38,18,39
18,19,39
39,19,40
19,20,40
40,20,41
20,21,41
41,21,22
21,2,22
182,183,203
182,203,202
183,184,204
183,204,203
184,185,205
184,205,204
185,186,206
185,206,205
186,187,207
186,207,206
187,188,208
187,208,207
188,189,209
188,209,208
189,190,210
189,210,209
190,191,211
190,211,210
191,192,212
191,212,211
192,193,213
192,213,212
193,194,214
193,214,213
194,195,215
194,215,214
195,196,216
195,216,215
196,197,217
196,217,216
197,198,218
197,218,217
198,199,219
198,219,218
199,200,220
199,220,219
200,201,221
200,221,220
201,182,202
201,202,221
202,203,223
202,223,222
203,204,224
203,224,223
204,205,225
204,225,224
205,206,226
205,226,225
206,207,227
206,227,226
207,208,228
207,228,227
208,209,229
208,229,228
209,210,230
209,230,229
210,211,231
210,231,230
211,212,232
211,232,231
212,213,233
212,233,232
213,214,234
213,234,233
214,215,235
214,235,234
215,216,236
215,236,235
216,217,237
216,237,236
217,218,238
217,238,237
218,219,239
218,239,238
219,220,240
219,240,239
220,221,241
220,241,240
221,202,222
221,222,241
222,223,243
222,243,242
223,224,244
223,244,243
224,225,245
224,245,244
225,226,246
225,246,245
226,227,247
226,247,246
227,228,248
227,248,247
228,229,249
228,249,248
229,230,250
229,250,249
230,231,251
230,251,250
231,232,252
231,252,251
232,233,253
232,253,252
233,234,254
233,254,253
234,235,255
234,255,254
235,236,256
235,256,255
236,237,257
236,257,256
237,238,258
237,258,257
238,239,259
238,259,258
239,240,260
239,260,259
240,241,261
240,261,260
241,222,242
241,242,261
242,243,263
242,263,262
243,244,264
243,264,263
244,245,265
244,265,264
245,246,266
245,266,265
246,247,267
246,267,266
247,248,268
247,268,267
248,249,269
248,269,268
249,250,270
249,270,269
250,251,271
250,271,270
251,252,272
251,272,271
252,253,273
252,273,272
253,254,274
253,274,273
254,255,275
254,275,274
255,256,276
255,276,275
256,257,277
256,277,276
257,258,278
257,278,277
258,259,279
258,279,278
259,260,280
259,280,279
260,261,281
260,281,280
261,242,262
261,262,281
262,263,283
262,283,282
263,264,284
263,284,283
264,265,285
264,285,284
265,266,286
265,286,285
266,267,287
266,287,286
267,268,288
267,288,287
268,269,289
268,289,288
269,270,290
269,290,289
270,271,291
270,291,290
271,272,292
271,292,291
272,273,293
272,293,292
273,274,294
273,294,293
274,275,295
274,295,294
275,276,296
275,296,295
276,277,297
276,297,296
277,278,298
277,298,297
278,279,299
278,299,298
279,280,300
279,300,299
280,281,301
280,301,300
281,262,282
281,282,301
282,283,303
282,303,302
283,284,304
283,304,303
284,285,305
284,305,304
285,286,306
285,306,305
286,287,307
286,307,306
287,288,308
287,308,307
288,289,309
288,309,308
289,290,310
289,310,309
290,291,311
290,311,310
291,292,312
291,312,311
292,293,313
292,313,312
293,294,314
293,314,313
294,295,315
294,315,314
295,296,316
295,316,315
296,297,317
296,317,316
297,298,318
297,318,317
298,299,319
298,319,318
299,300,320
299,320,319
300,301,321
300,321,320
301,282,302
301,302,321
302,303,323
302,323,322
303,304,324
303,324,323
304,305,325
304,325,324
305,306,326
305,326,325
306,307,327
306,327,326
307,308,328
307,328,327
308,309,329
308,329,328
309,310,330
309,330,329
310,311,331
310,331,330
311,312,332
311,332,331
312,313,333
312,333,332
313,314,334
313,334,333
314,315,335
314,335,334
315,316,336
315,336,335
316,317,337
316,337,336
317,318,338
317,338,337
318,319,339
318,339,338
319,320,340
319,340,339
320,321,341
320,341,340
321,302,322
321,322,341
322,323,343
322,343,342
323,324,344
323,344,343
324,325,345
324,345,344
325,326,346
325,346,345
326,327,347
326,347,346
327,328,348
327,348,347
328,329,349
328,349,348
329,330,350
329,350,349
330,331,351
330,351,350
331,332,352
331,352,351
332,333,353
332,353,352
333,334,354
333,354,353
334,335,355
334,355,354
335,336,356
335,356,355
336,337,357
336,357,356
337,338,358
337,358,357
338,339,359
338,359,358
339,340,360
339,360,359
340,341,361
340,361,360
341,322,342
341,342,361
342,343,363
342,363,362
343,344,364
343,364,363
344,345,365
344,365,364
345,346,366
345,366,365
346,347,367
346,367,366
347,348,368
347,368,367
348,349,369
348,369,368
349,350,370
349,370,369
350,351,371
350,371,370
351,352,372
351,372,371
352,353,373
352,373,372
353,354,374
353,374,373
354,355,375
354,375,374
355,356,376
355,376,375
356,357,377
356,377,376
357,358,378
357,378,377
358,359,379
358,379,378
359,360,380
359,380,379
360,361,381
360,381,380
361,342,362
361,362,381
362,363,383
362,383,382
363,364,384
363,384,383
364,365,385
364,385,384
365,366,386
365,386,385
366,367,387
366,387,386
367,368,388
367,388,387
368,369,389
368,389,388
369,370,390
369,390,389
370,371,391
370,391,390
371,372,392
371,392,391
372,373,393
372,393,392
373,374,394
373,394,393
374,375,395
374,395,394
375,376,396
375,396,395
376,377,397
376,397,396
377,378,398
377,398,397
378,379,399
378,399,398
379,380,400
379,400,399
380,381,401
380,401,400
381,362,382
381,382,401
382,383,403
382,403,402
383,384,404
383,404,403
384,385,405
384,405,404
385,386,406
385,406,405
386,387,407
386,407,406
387,388,408
387,408,407
388,389,409
388,409,408
389,390,410
389,410,409
390,391,411
390,411,410
391,392,412
391,412,411
392,393,413
392,413,412
393,394,414
393,414,413
394,395,415
394,415,414
395,396,416
395,416,415
396,397,417
396,417,416
397,398,418
397,418,417
398,399,419
398,419,418
399,400,420
399,420,419
400,401,421
400,421,420
401,382,402
401,402,421
402,403,423
402,423,422
403,404,424
403,424,423
404,405,425
404,425,424
405,406,426
405,426,425
406,407,427
406,427,426
407,408,428
407,428,427
408,409,429
408,429,428
409,410,430
409,430,429
410,411,431
410,431,430
411,412,432
411,432,431
412,413,433
412,433,432
413,414,434
413,434,433
414,415,435
414,435,434
415,416,436
415,436,435
416,417,437
416,437,436
417,418,438
417,438,437
418,419,439
418,439,438
419,420,440
419,440,439
420,421,441
420,441,440
421,402,422
421,422,441
422,423,443
422,443,442
423,424,444
423,444,443
424,425,445
424,445,444
425,426,446
425,446,445
426,427,447
426,447,446
427,428,448
427,448,447
428,429,449
428,449,448
429,430,450
429,450,449
430,431,451
430,451,450
431,432,452
431,452,451
432,433,453
432,453,452
433,434,454
433,454,453
434,435,455
434,455,454
435,436,456
435,456,455
436,437,457
436,457,456
437,438,458
437,458,457
438,439,459
438,459,458
439,440,460
439,460,459
440,441,461
440,461,460
441,422,442
441,442,461
442,443,463
442,463,462
443,444,464
443,464,463
444,445,465
444,465,464
445,446,466
445,466,465
446,447,467
446,467,466
447,448,468
447,468,467
448,449,469
448,469,468
449,450,470
449,470,469
450,451,471
450,471,470
451,452,472
451,472,471
452,453,473
452,473,472
453,454,474
453,474,473
454,455,475
454,475,474
455,456,476
455,476,475
456,457,477
456,477,476
457,458,478
457,478,477
458,459,479
458,479,478
459,460,480
459,480,479
460,461,481
460,481,480
461,442,462
461,462,481
462,463,483
462,483,482
463,464,484
463,484,483
464,465,485
464,485,484
465,466,486
465,486,485
466,467,487
466,487,486
467,468,488
467,488,487
468,469,489
468,489,488
469,470,490
469,490,489
470,471,491
470,491,490
471,472,492
471,492,491
472,473,493
472,493,492
473,474,494
473,494,493
474,475,495
474,495,494
475,476,496
475,496,495
476,477,497
476,497,496
477,478,498
477,498,497
478,479,499
478,499,498
479,480,500
479,500,499
480,481,501
480,501,500
481,462,482
481,482,501
482,483,503
482,503,502
483,484,504
483,504,503
484,485,505
484,505,504
485,486,506
485,506,505
486,487,507
486,507,506
487,488,508
487,508,507
488,489,509
488,509,508
489,490,510
489,510,509
490,491,511
490,511,510
491,492,512
491,512,511
492,493,513
492,513,512
493,494,514
493,514,513
494,495,515
494,515,514
495,496,516
495,516,515
496,497,517
496,517,516
497,498,518
497,518,517
498,499,519
498,519,518
499,500,520
499,520,519
500,501,521
500,521,520
501,482,502
501,502,521
502,503,523
502,523,522
503,504,524
503,524,523
504,505,525
504,525,524
505,506,526
505,526,525
506,507,527
506,527,526
507,508,528
507,528,527
508,509,529
508,529,528
509,510,530
509,530,529
510,511,531
510,531,530
511,512,532
511,532,531
512,513,533
512,533,532
513,514,534
513,534,533
514,515,535
514,535,534
515,516,536
515,536,535
516,517,537
516,537,536
517,518,538
517,538,537
518,519,539
518,539,538
519,520,540
519,540,539
520,521,541
520,541,540
521,502,522
521,522,541
522,523,543
522,543,542
523,524,544
523,544,543
524,525,545
524,545,544
525,526,546
525,546,545
526,527,547
526,547,546
527,528,548
527,548,547
528,529,549
528,549,548
529,530,550
529,550,549
530,531,551
530,551,550
531,532,552
531,552,551
532,533,553
532,553,552
533,534,554
533,554,553
534,535,555
534,555,554
535,536,556
535,556,555
536,537,557
536,557,556
537,538,558
537,558,557
538,539,559
538,559,558
539,540,560
539,560,559
540,541,561
540,561,560
541,522,542
541,542,561
542,543,563
542,563,562
543,544,564
543,564,563
544,545,565
544,565,564
545,546,566
545,566,565
546,547,567
546,567,566
547,548,568
547,568,567
548,549,569
548,569,568
549,550,570
549,570,569
550,551,571
550,571,570
551,552,572
551,572,571
552,553,573
552,573,572
553,554,574
553,574,573
554,555,575
554,575,574
555,556,576
555,576,575
556,557,577
556,577,576
557,558,578
557,578,577
558,559,579
558,579,578
559,560,580
559,580,579
560,561,581
560,581,580
561,542,562
561,562,581
562,563,583
562,583,582
563,564,584
563,584,583
564,565,585
564,585,584
565,566,586
565,586,585
566,567,587
566,587,586
567,568,588
567,588,587
568,569,589
568,589,588
569,570,590
569,590,589
570,571,591
570,591,590
571,572,592
571,592,591
572,573,593
572,593,592
573,574,594
573,594,593
574,575,595
574,595,594
575,576,596
575,596,595
576,577,597
576,597,596
577,578,598
577,598,597
578,579,599
578,599,598
579,580,600
579,600,599
580,581,601
580,601,600
581,562,582
581,582,601
582,583,603
582,603,602
583,584,604
583,604,603
584,585,605
584,605,604
585,586,606
585,606,605
586,587,607
586,607,606
587,588,608
587,608,607
588,589,609
588,609,608
589,590,610
589,610,609
590,591,611
590,611,610
591,592,612
591,612,611
592,593,613
592,613,612
593,594,614
593,614,613
594,595,615
594,615,614
595,596,616
595,616,615
596,597,617
596,617,616
597,598,618
597,618,617
598,599,619
598,619,618
599,600,620
599,620,619
600,601,621
600,621,620
601,582,602
601,602,621
602,603,623
602,623,622
603,604,624
603,624,623
604,605,625
604,625,624
605,606,626
605,626,625
606,607,627
606,627,626
607,608,628
607,628,627
608,609,629
608,629,628
609,610,630
609,630,629
610,611,631
610,631,630
611,612,632
611,632,631
612,613,633
612,633,632
613,614,634
613,634,633
614,615,635
614,635,634
615,616,636
615,636,635
616,617,637
616,637,636
617,618,638
617,638,637
618,619,639
618,639,638
619,620,640
619,640,639
620,621,641
620,641,640
621,602,622
621,622,641
622,623,643
622,643,642
623,624,644
623,644,643
624,625,645
624,645,644
625,626,646
625,646,645
626,627,647
626,647,646
627,628,648
627,648,647
628,629,649
628,649,648
629,630,650
629,650,649
630,631,651
630,651,650
631,632,652
631,652,651
632,633,653
632,653,652
633,634,654
633,654,653
634,635,655
634,655,654
635,636,656
635,656,655
636,637,657
636,657,656
637,638,658
637,658,657
638,639,659
638,659,658
639,640,660
639,660,659
640,641,661
640,661,660
641,622,642
641,642,661
642,643,663
642,663,662
643,644,664
643,664,663
644,645,665
644,665,664
645,646,666
645,666,665
646,647,667
646,667,666
647,648,668
647,668,667
648,649,669
648,669,668
649,650,670
649,670,669
650,651,671
650,671,670
651,652,672
651,672,671
652,653,673
652,673,672
653,654,674
653,674,673
654,655,675
654,675,674
655,656,676
655,676,675
656,657,677
656,677,676
657,658,678
657,678,677
658,659,679
658,679,678
659,660,680
659,680,679
660,661,681
660,681,680
661,642,662
661,662,681
662,663,683
662,683,682
663,664,684
663,684,683
664,665,685
664,685,684
665,666,686
665,686,685
666,667,687
666,687,686
667,668,688
667,688,687
668,669,689
668,689,688
669,670,690
669,690,689
670,671,691
670,691,690
671,672,692
671,692,691
672,673,693
672,693,692
673,674,694
673,694,693
674,675,695
674,695,694
675,676,696
675,696,695
676,677,697
676,697,696
677,678,698
677,698,697
678,679,699
678,699,698
679,680,700
679,700,699
680,681,701
680,701,700
681,662,682
681,682,701
682,683,703
682,703,702
683,684,704
683,704,703
684,685,705
684,705,704
685,686,706
685,706,705
686,687,707
686,707,706
687,688,708
687,708,707
688,689,709
688,709,708
689,690,710
689,710,709
690,691,711
690,711,710
691,692,712
691,712,711
692,693,713
692,713,712
693,694,714
693,714,713
694,695,715
694,715,714
695,696,716
695,716,715
696,697,717
696,717,716
697,698,718
697,718,717
698,699,719
698,719,718
699,700,720
699,720,719
700,701,721
700,721,720
701,682,702
701,702,721
702,703,723
702,723,722
703,704,724
703,724,723
704,705,725
704,725,724
705,706,726
705,726,725
706,707,727
706,727,726
707,708,728
707,728,727
708,709,729
708,729,728
709,710,730
709,730,729
710,711,731
710,731,730
711,712,732
711,732,731
712,713,733
712,733,732
713,714,734
713,734,733
714,715,735
714,735,734
715,716,736
715,736,735
716,717,737
716,737,736
717,718,738
717,738,737
718,719,739
718,739,738
719,720,740
719,740,739
720,721,741
720,741,740
721,702,722
721,722,741
722,723,743
722,743,742
723,724,744
723,744,743
724,725,745
724,745,744
725,726,746
725,746,745
726,727,747
726,747,746
727,728,748
727,748,747
728,729,749
728,749,748
729,730,750
729,750,749
730,731,751
730,751,750
731,732,752
731,752,751
732,733,753
732,753,752
733,734,754
733,754,753
734,735,755
734,755,754
735,736,756
735,756,755
736,737,757
736,757,756
737,738,758
737,758,757
738,739,759
738,759,758
739,740,760
739,760,759
740,741,761
740,761,760
741,722,742
741,742,761
742,743,763
742,763,762
743,744,764
743,764,763
744,745,765
744,765,764
745,746,766
745,766,765
746,747,767
746,767,766
747,748,768
747,768,767
748,749,769
748,769,768
749,750,770
749,770,769
750,751,771
750,771,770
751,752,772
751,772,771
752,753,773
752,773,772
753,754,774
753,774,773
754,755,775
754,775,774
755,756,776
755,776,775
756,757,777
756,777,776
757,758,778
757,778,777
758,759,779
758,779,778
759,760,780
759,780,779
760,761,781
760,781,780
761,742,762
761,762,781
762,763,783
762,783,782
763,764,784
763,784,783
764,765,785
764,785,784
765,766,786
765,786,785
766,767,787
766,787,786
767,768,788
767,788,787
768,769,789
768,789,788
769,770,790
769,790,789
770,771,791
770,791,790
771,772,792
771,792,791
772,773,793
772,793,792
773,774,794
773,794,793
774,775,795
774,795,794
775,776,796
775,796,795
776,777,797
776,797,796
777,778,798
777,798,797
778,779,799
778,799,798
779,780,800
779,800,799
780,781,801
780,801,800
781,762,782
781,782,801
782,783,803
782,803,802
783,784,804
783,804,803
784,785,805
784,805,804
785,786,806
785,806,805
786,787,807
786,807,806
787,788,808
787,808,807
788,789,809
788,809,808
789,790,810
789,810,809
790,791,811
790,811,810
791,792,812
791,812,811
792,793,813
792,813,812
793,794,814
793,814,813
794,795,815
794,815,814
795,796,816
795,816,815
796,797,817
796,817,816
797,798,818
797,818,817
798,799,819
798,819,818
799,800,820
799,820,819
800,801,821
800,821,820
801,782,802
801,802,821
802,803,823
802,823,822
803,804,824
803,824,823
804,805,825
804,825,824
805,806,826
805,826,825
806,807,827
806,827,826
807,808,828
807,828,827
808,809,829
808,829,828
809,810,830
809,830,829
810,811,831
810,831,830
811,812,832
811,832,831
812,813,833
812,833,832
813,814,834
813,834,833
814,815,835
814,835,834
815,816,836
815,836,835
816,817,837
816,837,836
817,818,838
817,838,837
818,819,839
818,839,838
819,820,840
819,840,839
820,821,841
820,841,840
821,802,822
821,822,841
822,823,843
822,843,842
823,824,844
823,844,843
824,825,845
824,845,844
825,826,846
825,846,845
826,827,847
826,847,846
827,828,848
827,848,847
828,829,849
828,849,848
829,830,850
829,850,849
830,831,851
830,851,850
831,832,852
831,852,851
832,833,853
832,853,852
833,834,854
833,854,853
834,835,855
834,855,854
835,836,856
835,856,855
836,837,857
836,857,856
837,838,858
837,858,857
838,839,859
838,859,858
839,840,860
839,860,859
840,841,861
840,861,860
841,822,842
841,842,861
842,843,863
842,863,862
843,844,864
843,864,863
844,845,865
844,865,864
845,846,866
845,866,865
846,847,867
846,867,866
847,848,868
847,868,867
848,849,869
848,869,868
849,850,870
849,870,869
850,851,871
850,871,870
851,852,872
851,872,871
852,853,873
852,873,872
853,854,874
853,874,873
854,855,875
854,875,874
855,856,876
855,876,875
856,857,877
856,877,876
857,858,878
857,878,877
858,859,879
858,879,878
859,860,880
859,880,879
860,861,881
860,881,880
861,842,862
861,862,881
862,863,883
862,883,882
863,864,884
863,884,883
864,865,885
864,885,884
865,866,886
865,886,885
866,867,887
866,887,886
867,868,888
867,888,887
868,869,889
868,889,888
869,870,890
869,890,889
870,871,891
870,891,890
871,872,892
871,892,891
872,873,893
872,893,892
873,874,894
873,894,893
874,875,895
874,895,894
875,876,896
875,896,895
876,877,897
876,897,896
877,878,898
877,898,897
878,879,899
878,899,898
879,880,900
879,900,899
880,881,901
880,901,900
881,862,882
881,882,901
882,883,903
882,903,902
883,884,904
883,904,903
884,885,905
884,905,904
885,886,906
885,906,905
886,887,907
886,907,906
887,888,908
887,908,907
888,889,909
888,909,908
889,890,910
889,910,909
890,891,911
890,911,910
891,892,912
891,912,911
892,893,913
892,913,912
893,894,914
893,914,913
894,895,915
894,915,914
895,896,916
895,916,915
896,897,917
896,917,916
897,898,918
897,918,917
898,899,919
898,919,918
899,900,920
899,920,919
900,901,921
900,921,920
901,882,902
901,902,921
902,903,923
902,923,922
903,904,924
903,924,923
904,905,925
904,925,924
905,906,926
905,926,925
906,907,927
906,927,926
907,908,928
907,928,927
908,909,929
908,929,928
909,910,930
909,930,929
910,911,931
910,931,930
911,912,932
911,932,931
912,913,933
912,933,932
913,914,934
913,934,933
914,915,935
914,935,934
915,916,936
915,936,935
916,917,937
916,937,936
917,918,938
917,938,937
918,919,939
918,939,938
919,920,940
919,940,939
920,921,941
920,941,940
921,902,922
921,922,941
922,923,943
922,943,942
923,924,944
923,944,943
924,925,945
924,945,944
925,926,946
925,946,945
926,927,947
926,947,946
927,928,948
927,948,947
928,929,949
928,949,948
929,930,950
929,950,949
930,931,951
930,951,950
931,932,952
931,952,951
932,933,953
932,953,952
933,934,954
933,954,953
934,935,955
934,955,954
935,936,956
935,956,955
936,937,957
936,957,956
937,938,958
937,958,957
938,939,959
938,959,958
939,940,960
939,960,959
940,941,961
940,961,960
941,922,942
941,942,961
942,943,963
942,963,962
943,944,964
943,964,963
944,945,965
944,965,964
945,946,966
945,966,965
946,947,967
946,967,966
947,948,968
947,968,967
948,949,969
948,969,968
949,950,970
949,970,969
950,951,971
950,971,970
951,952,972
951,972,971
952,953,973
952,973,972
953,954,974
953,974,973
954,955,975
954,975,974
955,956,976
955,976,975
956,957,977
956,977,976
957,958,978
957,978,977
958,959,979
958,979,978
959,960,980
959,980,979
960,961,981
960,981,980
961,942,962
961,962,981
962,963,983
962,983,982
963,964,984
963,984,983
964,965,985
964,985,984
965,966,986
965,986,985
966,967,987
966,987,986
967,968,988
967,988,987
968,969,989
968,989,988
969,970,990
969,990,989
970,971,991
970,991,990
971,972,992
971,992,991
972,973,993
972,993,992
973,974,994
973,994,993
974,975,995
974,995,994
975,976,996
975,996,995
976,977,997
976,997,996
977,978,998
977,998,997
978,979,999
978,999,998
979,980,1000
979,1000,999
980,981,1001
980,1001,1000
981,962,982
981,982,1001
982,983,1003
982,1003,1002
983,984,1004
983,1004,1003
984,985,1005
984,1005,1004
985,986,1006
985,1006,1005
986,987,1007
986,1007,1006
987,988,1008
987,1008,1007
988,989,1009
988,1009,1008
989,990,1010
989,1010,1009
990,991,1011
990,1011,1010
991,992,1012
991,1012,1011
992,993,1013
992,1013,1012
993,994,1014
993,1014,1013
994,995,1015
994,1015,1014
995,996,1016
995,1016,1015
996,997,1017
996,1017,1016
997,998,1018
997,1018,1017
998,999,1019
998,1019,1018
999,1000,1020
999,1020,1019
1000,1001,1021
1000,1021,1020
1001,982,1002
1001,1002,1021
1002,1003,1023
1002,1023,1022
1003,1004,1024
1003,1024,1023
1004,1005,1025
1004,1025,1024
1005,1006,1026
1005,1026,1025
1006,1007,1027
1006,1027,1026
1007,1008,1028
1007,1028,1027
1008,1009,1029
1008,1029,1028
1009,1010,1030
1009,1030,1029
1010,1011,1031
1010,1031,1030
1011,1012,1032
1011,1032,1031
1012,1013,1033
1012,1033,1032
1013,1014,1034
1013,1034,1033
1014,1015,1035
1014,1035,1034
1015,1016,1036
1015,1036,1035
1016,1017,1037
1016,1037,1036
1017,1018,1038
1017,1038,1037
1018,1019,1039
1018,1039,1038
1019,1020,1040
1019,1040,1039
1020,1021,1041
1020,1041,1040
1021,1002,1022
1021,1022,1041
1022,1023,1043
1022,1043,1042
1023,1024,1044
1023,1044,1043
1024,1025,1045
1024,1045,1044
1025,1026,1046
1025,1046,1045
1026,1027,1047
1026,1047,1046
1027,1028,1048
1027,1048,1047
1028,1029,1049
1028,1049,1048
1029,1030,1050
1029,1050,1049
1030,1031,1051
1030,1051,1050
1031,1032,1052
1031,1052,1051
1032,1033,1053
1032,1053,1052
1033,1034,1054
1033,1054,1053
1034,1035,1055
1034,1055,1054
1035,1036,1056
1035,1056,1055
1036,1037,1057
1036,1057,1056
1037,1038,1058
1037,1058,1057
1038,1039,1059
1038,1059,1058
1039,1040,1060
1039,1060,1059
1040,1041,1061
1040,1061,1060
1041,1022,1042
1041,1042,1061
1042,1043,1063
1042,1063,1062
1043,1044,1064
1043,1064,1063
1044,1045,1065
1044,1065,1064
1045,1046,1066
1045,1066,1065
1046,1047,1067
1046,1067,1066
1047,1048,1068
1047,1068,1067
1048,1049,1069
1048,1069,1068
1049,1050,1070
1049,1070,1069
1050,1051,1071
1050,1071,1070
1051,1052,1072
1051,1072,1071
1052,1053,1073
1052,1073,1072
1053,1054,1074
1053,1074,1073
1054,1055,1075
1054,1075,1074
1055,1056,1076
1055,1076,1075
1056,1057,1077
1056,1077,1076
1057,1058,1078
1057,1078,1077
1058,1059,1079
1058,1079,1078
1059,1060,1080
1059,1080,1079
1060,1061,1081
1060,1081,1080
1061,1042,1062
1061,1062,1081
1062,1063,1083
1062,1083,1082
1063,1064,1084
1063,1084,1083
1064,1065,1085
1064,1085,1084
1065,1066,1086
1065,1086,1085
1066,1067,1087
1066,1087,1086
1067,1068,1088
1067,1088,1087
1068,1069,1089
1068,1089,1088
1069,1070,1090
1069,1090,1089
1070,1071,1091
1070,1091,1090
1071,1072,1092
1071,1092,1091
1072,1073,1093
1072,1093,1092
1073,1074,1094
1073,1094,1093
1074,1075,1095
1074,1095,1094
1075,1076,1096
1075,1096,1095
1076,1077,1097
1076,1097,1096
1077,1078,1098
1077,1098,1097
1078,1079,1099
1078,1099,1098
1079,1080,1100
1079,1100,1099
1080,1081,1101
1080,1101,1100
1081,1062,1082
1081,1082,1101
1082,1083,1103
1082,1103,1102
1083,1084,1104
1083,1104,1103
1084,1085,1105
1084,1105,1104
1085,1086,1106
1085,1106,1105
1086,1087,1107
1086,1107,1106
1087,1088,1108
1087,1108,1107
1088,1089,1109
1088,1109,1108
1089,1090,1110
1089,1110,1109
1090,1091,1111
1090,1111,1110
1091,1092,1112
1091,1112,1111
1092,1093,1113
1092,1113,1112
1093,1094,1114
1093,1114,1113
1094,1095,1115
1094,1115,1114
1095,1096,1116
1095,1116,1115
1096,1097,1117
1096,1117,1116
1097,1098,1118
1097,1118,1117
1098,1099,1119
1098,1119,1118
1099,1100,1120
1099,1120,1119
1100,1101,1121
1100,1121,1120
1101,1082,1102
1101,1102,1121
1102,1103,1123
1102,1123,1122
1103,1104,1124
1103,1124,1123
1104,1105,1125
1104,1125,1124
1105,1106,1126
1105,1126,1125
1106,1107,1127
1106,1127,1126
1107,1108,1128
1107,1128,1127
1108,1109,1129
1108,1129,1128
1109,1110,1130
1109,1130,1129
1110,1111,1131
1110,1131,1130
1111,1112,1132
1111,1132,1131
1112,1113,1133
1112,1133,1132
1113,1114,1134
1113,1134,1133
1114,1115,1135
1114,1135,1134
1115,1116,1136
1115,1136,1135
1116,1117,1137
1116,1137,1136
1117,1118,1138
1117,1138,1137
1118,1119,1139
1118,1139,1138
1119,1120,1140
1119,1140,1139
1120,1121,1141
1120,1141,1140
1121,1102,1122
1121,1122,1141
1122,1123,1143
1122,1143,1142
1123,1124,1144
1123,1144,1143
1124,1125,1145
1124,1145,1144
1125,1126,1146
1125,1146,1145
1126,1127,1147
1126,1147,1146
1127,1128,1148
1127,1148,1147
1128,1129,1149
1128,1149,1148
1129,1130,1150
1129,1150,1149
1130,1131,1151
1130,1151,1150
1131,1132,1152
1131,1152,1151
1132,1133,1153
1132,1153,1152
1133,1134,1154
1133,1154,1153
1134,1135,1155
1134,1155,1154
1135,1136,1156
1135,1156,1155
1136,1137,1157
1136,1157,1156
1137,1138,1158
1137,1158,1157
1138,1139,1159
1138,1159,1158
1139,1140,1160
1139,1160,1159
1140,1141,1161
1140,1161,1160
1141,1122,1142
1141,1142,1161
1142,1143,1163
1142,1163,1162
1143,1144,1164
1143,1164,1163
1144,1145,1165
1165,1288,1144
1145,1146,1166
1145,1166,1165
1146,1147,1167
1146,1167,1166
1147,1148,1168
1147,1168,1167
1148,1149,1169
1148,1169,1168
1149,1150,1170
1149,1170,1169
1150,1151,1171
1150,1171,1170
1151,1152,1172
1151,1172,1171
1152,1153,1173
1152,1173,1172
1153,1154,1174
1153,1174,1173
1154,1155,1175
1154,1175,1174
1155,1156,1176
1155,1176,1175
1156,1157,1177
1156,1177,1176
1157,1158,1178
1157,1178,1177
1158,1159,1179
1158,1179,1178
1159,1160,1180
1159,1180,1179
1160,1161,1181
1160,1181,1180
1161,1142,1162
1161,1162,1181
1162,1163,1183
1162,1183,1182
1164,1289,1163
1163,1184,1183
1185,1290,1166
1166,1167,1186
1166,1186,1185
1167,1168,1187
1167,1187,1186
1168,1169,1188
1168,1188,1187
1169,1170,1189
1169,1189,1188
1170,1171,1190
1170,1190,1189
1171,1172,1191
1171,1191,1190
1172,1173,1192
1172,1192,1191
1173,1174,1193
1173,1193,1192
1174,1175,1194
1174,1194,1193
1175,1176,1195
1175,1195,1194
1176,1177,1196
1176,1196,1195
1177,1178,1197
1177,1197,1196
1178,1179,1198
1178,1198,1197
1179,1180,1199
1179,1199,1198
1180,1181,1200
1180,1200,1199
1181,1162,1182
1181,1182,1200
1182,1183,1202
1182,1202,1201
1184,1291,1183
1203,1292,1183
1204,1293,1186
1186,1187,1205
1205,1294,1186
1187,1188,1206
1187,1206,1205
1188,1189,1207
1188,1207,1206
1189,1190,1208
1189,1208,1207
1190,1191,1209
1190,1209,1208
1191,1192,1210
1191,1210,1209
1192,1193,1211
1192,1211,1210
1193,1194,1212
1193,1212,1211
1194,1195,1213
1194,1213,1212
1195,1196,1214
1195,1214,1213
1196,1197,1215
1196,1215,1214
1197,1198,1216
1197,1216,1215
1198,1199,1217
1198,1217,1216
1199,1200,1218
1199,1218,1217
1200,1182,1201
1200,1201,1218
1202,1295,1201
1220,1296,1201
1221,1297,1206
1206,1207,1222
1206,1222,1221
1207,1208,1223
1207,1223,1222
1208,1209,1224
1208,1224,1223
1209,1210,1225
1209,1225,1224
1210,1211,1226
1210,1226,1225
1211,1212,1227
1211,1227,1226
1212,1213,1228
1212,1228,1227
1213,1214,1229
1213,1229,1228
1214,1215,1230
1214,1230,1229
1215,1216,1231
1215,1231,1230
1216,1217,1232
1216,1232,1231
1217,1218,1233
1217,1233,1232
1218,1201,1219
1218,1219,1233
1235,1298,1222
1222,1223,1236
1222,1236,1235
1223,1224,1237
1223,1237,1236
1224,1225,1238
1224,1238,1237
1225,1226,1239
1225,1239,1238
1226,1227,1240
1226,1240,1239
1227,1228,1241
1227,1241,1240
1228,1229,1242
1228,1242,1241
1229,1230,1243
1229,1243,1242
1230,1231,1244
1230,1244,1243
1231,1232,1245
1231,1245,1244
1232,1233,1246
1232,1246,1245
1219,1299,1233
1234,1300,1233
1235,1236,1248
1247,1301,1248
1236,1237,1249
1236,1249,1248
1237,1238,1250
1237,1250,1249
1238,1239,1251
1238,1251,1250
1239,1240,1252
1239,1252,1251
1240,1241,1253
1240,1253,1252
1241,1242,1254
1241,1254,1253
1242,1243,1255
1242,1255,1254
1243,1244,1256
1243,1256,1255
1244,1245,1257
1244,1257,1256
1246,1302,1245
1245,1258,1257
1259,1303,1248
1248,1249,1260
1248,1260,1259
1249,1250,1261
1249,1261,1260
1250,1251,1262
1250,1262,1261
1251,1252,1263
1251,1263,1262
1252,1253,1264
1252,1264,1263
1253,1254,1265
1253,1265,1264
1254,1255,1266
1254,1266,1265
1255,1256,1267
1255,1267,1266
1256,1257,1268
1268,1304,1256
1258,1305,1257
1269,1306,1257
1270,1307,1260
1260,1261,1271
1260,1271,1270
1261,1262,1272
1261,1272,1271
1262,1263,1273
1262,1273,1272
1263,1264,1274
1263,1274,1273
1264,1265,1275
1264,1275,1274
1265,1266,1276
1265,1276,1275
1267,1308,1266
1266,1277,1276
1278,1309,1271
1271,1272,1279
1279,1310,1271
1272,1273,1280
1272,1280,1279
1273,1274,1281
1273,1281,1280
1274,1275,1282
1274,1282,1281
1275,1276,1283
1283,1311,1275
1277,1312,1276
1284,1313,1276
1285,1314,1280
1280,1281,1286
1286,1315,1280
1282,1316,1281
1287,1317,1281
1288,1164,1144
1289,1184,1163
1290,1165,1166
1291,1203,1183
1292,1202,1183
1293,1185,1186
1294,1204,1186
1295,1220,1201
1296,1219,1201
1297,1205,1206
1298,1221,1222
1299,1234,1233
1300,1246,1233
1301,1235,1248
1302,1258,1245
1303,1247,1248
1304,1267,1256
1305,1269,1257
1306,1268,1257
1307,1259,1260
1308,1277,1266
1309,1270,1271
1310,1278,1271
1311,1282,1275
1312,1284,1276
1313,1283,1276
1314,1279,1280
1315,1285,1280
1316,1287,1281
1317,1286,1281
1318,2256,1324
1323,2257,1324
1319,2258,1325
1319,1325,1324
1320,2259,1325
1321,2260,1330
1329,2261,1330
1322,2262,1331
1322,1331,1330
1323,1324,1332
1323,1332,1331
1324,1325,1333
1324,1333,1332
1325,1326,1334
1325,1334,1333
1326,2263,1334
1327,2264,1338
1337,2265,1338
1328,2266,1339
1328,1339,1338
1329,1330,1340
1329,1340,1339
1330,1331,1341
1330,1341,1340
1331,1332,1342
1331,1342,1341
1332,1333,1343
1332,1343,1342
1333,1334,1344
1333,1344,1343
1334,1335,1345
1334,1345,1344
1335,2267,1346
1335,1346,1345
1336,2268,1346
1337,1338,1351
1350,2269,1351
1338,1339,1352
1338,1352,1351
1339,1340,1353
1339,1353,1352
1340,1341,1354
1340,1354,1353
1341,1342,1355
1341,1355,1354
1342,1343,1356
1342,1356,1355
1343,1344,1357
1343,1357,1356
1344,1345,1358
1344,1358,1357
1345,1346,1359
1345,1359,1358
1346,1347,1360
1346,1360,1359
1347,2270,1360
1348,2271,1364
1363,2272,1364
1349,2273,1365
1349,1365,1364
1350,1351,1366
1350,1366,1365
1351,1352,1367
1351,1367,1366
1352,1353,1368
1352,1368,1367
1353,1354,1369
1353,1369,1368
1354,1355,1370
1354,1370,1369
1355,1356,1371
1355,1371,1370
1356,1357,1372
1356,1372,1371
1357,1358,1373
1357,1373,1372
1358,1359,1374
1358,1374,1373
1359,1360,1375
1359,1375,1374
1360,1361,1376
1360,1376,1375
1361,2274,1376
1362,2275,1379
1378,2276,1379
1363,1364,1380
1363,1380,1379
1364,1365,1381
1364,1381,1380
1365,1366,1382
1365,1382,1381
1366,1367,1383
1366,1383,1382
1367,1368,1384
1367,1384,1383
1368,1369,1385
1368,1385,1384
1369,1370,1386
1369,1386,1385
1370,1371,1387
1370,1387,1386
1371,1372,1388
1371,1388,1387
1372,1373,1389
1372,1389,1388
1373,1374,1390
1373,1390,1389
1374,1375,1391
1374,1391,1390
1375,1376,1392
1375,1392,1391
1376,1377,1393
1376,1393,1392
1377,2277,1393
1378,1379,1398
1397,2278,1398
1379,1380,1399
1379,1399,1398
1380,1381,1400
1380,1400,1399
1381,1382,1401
1381,1401,1400
1382,1383,1402
1382,1402,1401
1383,1384,1403
1383,1403,1402
1384,1385,1404
1384,1404,1403
1385,1386,1405
1385,1405,1404
1386,1387,1406
1386,1406,1405
1387,1388,1407
1387,1407,1406
1388,1389,1408
1388,1408,1407
1389,1390,1409
1389,1409,1408
1390,1391,1410
1390,1410,1409
1391,1392,1411
1391,1411,1410
1392,1393,1412
1392,1412,1411
1393,1394,1413
1393,1413,1412
1394,2279,1413
1395,2280,1416
1395,1416,1415
1396,2281,1417
1396,1417,1416
1397,1398,1418
1397,1418,1417
1398,1399,1419
1398,1419,1418
1399,1400,1420
1399,1420,1419
1400,1401,1421
1400,1421,1420
1401,1402,1422
1401,1422,1421
1402,1403,1423
1402,1423,1422
1403,1404,1424
1403,1424,1423
1404,1405,1425
1404,1425,1424
1405,1406,1426
1405,1426,1425
1406,1407,1427
1406,1427,1426
1407,1408,1428
1407,1428,1427
1408,1409,1429
1408,1429,1428
1409,1410,1430
1409,1430,1429
1410,1411,1431
1410,1431,1430
1411,1412,1432
1411,1432,1431
1412,1413,1433
1412,1433,1432
1413,1414,1434
1413,1434,1433
1414,2282,1415
1414,1415,1434
1415,1416,1436
1415,1436,1435
1416,1417,1437
1416,1437,1436
1417,1418,1438
1417,1438,1437
1418,1419,1439
1418,1439,1438
1419,1420,1440
1419,1440,1439
1420,1421,1441
1420,1441,1440
1421,1422,1442
1421,1442,1441
1422,1423,1443
1422,1443,1442
1423,1424,1444
1423,1444,1443
1424,1425,1445
1424,1445,1444
1425,1426,1446
1425,1446,1445
1426,1427,1447
1426,1447,1446
1427,1428,1448
1427,1448,1447
1428,1429,1449
1428,1449,1448
1429,1430,1450
1429,1450,1449
1430,1431,1451
1430,1451,1450
1431,1432,1452
1431,1452,1451
1432,1433,1453
1432,1453,1452
1433,1434,1454
1433,1454,1453
1434,1415,1435
1434,1435,1454
1435,1436,1456
1435,1456,1455
1436,1437,1457
1436,1457,1456
1437,1438,1458
1437,1458,1457
1438,1439,1459
1438,1459,1458
1439,1440,1460
1439,1460,1459
1440,1441,1461
1440,1461,1460
1441,1442,1462
1441,1462,1461
1442,1443,1463
1442,1463,1462
1443,1444,1464
1443,1464,1463
1444,1445,1465
1444,1465,1464
1445,1446,1466
1445,1466,1465
1446,1447,1467
1446,1467,1466
1447,1448,1468
1447,1468,1467
1448,1449,1469
1448,1469,1468
1449,1450,1470
1449,1470,1469
1450,1451,1471
1450,1471,1470
1451,1452,1472
1451,1472,1471
1452,1453,1473
1452,1473,1472
1453,1454,1474
1453,1474,1473
1454,1435,1455
1454,1455,1474
1455,1456,1476
1455,1476,1475
1456,1457,1477
1456,1477,1476
1457,1458,1478
1457,1478,1477
1458,1459,1479
1458,1479,1478
1459,1460,1480
1459,1480,1479
1460,1461,1481
1460,1481,1480
1461,1462,1482
1461,1482,1481
1462,1463,1483
1462,1483,1482
1463,1464,1484
1463,1484,1483
1464,1465,1485
1464,1485,1484
1465,1466,1486
1465,1486,1485
1466,1467,1487
1466,1487,1486
1467,1468,1488
1467,1488,1487
1468,1469,1489
1468,1489,1488
1469,1470,1490
1469,1490,1489
1470,1471,1491
1470,1491,1490
1471,1472,1492
1471,1492,1491
1472,1473,1493
1472,1493,1492
1473,1474,1494
1473,1494,1493
1474,1455,1475
1474,1475,1494
1475,1476,1496
1475,1496,1495
1476,1477,1497
1476,1497,1496
1477,1478,1498
1477,1498,1497
1478,1479,1499
1478,1499,1498
1479,1480,1500
1479,1500,1499
1480,1481,1501
1480,1501,1500
1481,1482,1502
1481,1502,1501
1482,1483,1503
1482,1503,1502
1483,1484,1504
1483,1504,1503
1484,1485,1505
1484,1505,1504
1485,1486,1506
1485,1506,1505
1486,1487,1507
1486,1507,1506
1487,1488,1508
1487,1508,1507
1488,1489,1509
1488,1509,1508
1489,1490,1510
1489,1510,1509
1490,1491,1511
1490,1511,1510
1491,1492,1512
1491,1512,1511
1492,1493,1513
1492,1513,1512
1493,1494,1514
1493,1514,1513
1494,1475,1495
1494,1495,1514
1495,1496,1516
1495,1516,1515
1496,1497,1517
1496,1517,1516
1497,1498,1518
1497,1518,1517
1498,1499,1519
1498,1519,1518
1499,1500,1520
1499,1520,1519
1500,1501,1521
1500,1521,1520
1501,1502,1522
1501,1522,1521
1502,1503,1523
1502,1523,1522
1503,1504,1524
1503,1524,1523
1504,1505,1525
1504,1525,1524
1505,1506,1526
1505,1526,1525
1506,1507,1527
1506,1527,1526
1507,1508,1528
1507,1528,1527
1508,1509,1529
1508,1529,1528
1509,1510,1530
1509,1530,1529
1510,1511,1531
1510,1531,1530
1511,1512,1532
1511,1532,1531
1512,1513,1533
1512,1533,1532
1513,1514,1534
1513,1534,1533
1514,1495,1515
1514,1515,1534
1515,1516,1536
1515,1536,1535
1516,1517,1537
1516,1537,1536
1517,1518,1538
1517,1538,1537
1518,1519,1539
1518,1539,1538
1519,1520,1540
1519,1540,1539
1520,1521,1541
1520,1541,1540
1521,1522,1542
1521,1542,1541
1522,1523,1543
1522,1543,1542
1523,1524,1544
1523,1544,1543
1524,1525,1545
1524,1545,1544
1525,1526,1546
1525,1546,1545
1526,1527,1547
1526,1547,1546
1527,1528,1548
1527,1548,1547
1528,1529,1549
1528,1549,1548
1529,1530,1550
1529,1550,1549
1530,1531,1551
1530,1551,1550
1531,1532,1552
1531,1552,1551
1532,1533,1553
1532,1553,1552
1533,1534,1554
1533,1554,1553
1534,1515,1535
1534,1535,1554
1535,1536,1556
1535,1556,1555
1536,1537,1557
1536,1557,1556
1537,1538,1558
1537,1558,1557
1538,1539,1559
1538,1559,1558
1539,1540,1560
1539,1560,1559
1540,1541,1561
1540,1561,1560
1541,1542,1562
1541,1562,1561
1542,1543,1563
1542,1563,1562
1543,1544,1564
1543,1564,1563
1544,1545,1565
1544,1565,1564
1545,1546,1566
1545,1566,1565
1546,1547,1567
1546,1567,1566
1547,1548,1568
1547,1568,1567
1548,1549,1569
1548,1569,1568
1549,1550,1570
1549,1570,1569
1550,1551,1571
1550,1571,1570
1551,1552,1572
1551,1572,1571
1552,1553,1573
1552,1573,1572
1553,1554,1574
1553,1574,1573
1554,1535,1555
1554,1555,1574
1555,1556,1576
1555,1576,1575
1556,1557,1577
1556,1577,1576
1557,1558,1578
1557,1578,1577
1558,1559,1579
1558,1579,1578
1559,1560,1580
1559,1580,1579
1560,1561,1581
1560,1581,1580
1561,1562,1582
1561,1582,1581
1562,1563,1583
1562,1583,1582
1563,1564,1584
1563,1584,1583
1564,1565,1585
1564,1585,1584
1565,1566,1586
1565,1586,1585
1566,1567,1587
1566,1587,1586
1567,1568,1588
1567,1588,1587
1568,1569,1589
1568,1589,1588
1569,1570,1590
1569,1590,1589
1570,1571,1591
1570,1591,1590
1571,1572,1592
1571,1592,1591
1572,1573,1593
1572,1593,1592
1573,1574,1594
1573,1594,1593
1574,1555,1575
1574,1575,1594
1575,1576,1596
1575,1596,1595
1576,1577,1597
1576,1597,1596
1577,1578,1598
1577,1598,1597
1578,1579,1599
1578,1599,1598
1579,1580,1600
1579,1600,1599
1580,1581,1601
1580,1601,1600
1581,1582,1602
1581,1602,1601
1582,1583,1603
1582,1603,1602
1583,1584,1604
1583,1604,1603
1584,1585,1605
1584,1605,1604
1585,1586,1606
1585,1606,1605
1586,1587,1607
1586,1607,1606
1587,1588,1608
1587,1608,1607
1588,1589,1609
1588,1609,1608
1589,1590,1610
1589,1610,1609
1590,1591,1611
1590,1611,1610
1591,1592,1612
1591,1612,1611
1592,1593,1613
1592,1613,1612
1593,1594,1614
1593,1614,1613
1594,1575,1595
1594,1595,1614
1595,1596,1616
1595,1616,1615
1596,1597,1617
1596,1617,1616
1597,1598,1618
1597,1618,1617
1598,1599,1619
1598,1619,1618
1599,1600,1620
1599,1620,1619
1600,1601,1621
1600,1621,1620
1601,1602,1622
1601,1622,1621
1602,1603,1623
1602,1623,1622
1603,1604,1624
1603,1624,1623
1604,1605,1625
1604,1625,1624
1605,1606,1626
1605,1626,1625
1606,1607,1627
1606,1627,1626
1607,1608,1628
1607,1628,1627
1608,1609,1629
1608,1629,1628
1609,1610,1630
1609,1630,1629
1610,1611,1631
1610,1631,1630
1611,1612,1632
1611,1632,1631
1612,1613,1633
1612,1633,1632
1613,1614,1634
1613,1634,1633
1614,1595,1615
1614,1615,1634
1615,1616,1636
1615,1636,1635
1616,1617,1637
1616,1637,1636
1617,1618,1638
1617,1638,1637
1618,1619,1639
1618,1639,1638
1619,1620,1640
1619,1640,1639
1620,1621,1641
1620,1641,1640
1621,1622,1642
1621,1642,1641
1622,1623,1643
1622,1643,1642
1623,1624,1644
1623,1644,1643
1624,1625,1645
1624,1645,1644
1625,1626,1646
1625,1646,1645
1626,1627,1647
1626,1647,1646
1627,1628,1648
1627,1648,1647
1628,1629,1649
1628,1649,1648
1629,1630,1650
1629,1650,1649
1630,1631,1651
1630,1651,1650
1631,1632,1652
1631,1652,1651
1632,1633,1653
1632,1653,1652
1633,1634,1654
1633,1654,1653
1634,1615,1635
1634,1635,1654
1635,1636,1656
1635,1656,1655
1636,1637,1657
1636,1657,1656
1637,1638,1658
1637,1658,1657
1638,1639,1659
1638,1659,1658
1639,1640,1660
1639,1660,1659
1640,1641,1661
1640,1661,1660
1641,1642,1662
1641,1662,1661
1642,1643,1663
1642,1663,1662
1643,1644,1664
1643,1664,1663
1644,1645,1665
1644,1665,1664
1645,1646,1666
1645,1666,1665
1646,1647,1667
1646,1667,1666
1647,1648,1668
1647,1668,1667
1648,1649,1669
1648,1669,1668
1649,1650,1670
1649,1670,1669
1650,1651,1671
1650,1671,1670
1651,1652,1672
1651,1672,1671
1652,1653,1673
1652,1673,1672
1653,1654,1674
1653,1674,1673
1654,1635,1655
1654,1655,1674
1655,1656,1676
1655,1676,1675
1656,1657,1677
1656,1677,1676
1657,1658,1678
1657,1678,1677
1658,1659,1679
1658,1679,1678
1659,1660,1680
1659,1680,1679
1660,1661,1681
1660,1681,1680
1661,1662,1682
1661,1682,1681
1662,1663,1683
1662,1683,1682
1663,1664,1684
1663,1684,1683
1664,1665,1685
1664,1685,1684
1665,1666,1686
1665,1686,1685
1666,1667,1687
1666,1687,1686
1667,1668,1688
1667,1688,1687
1668,1669,1689
1668,1689,1688
1669,1670,1690
1669,1690,1689
1670,1671,1691
1670,1691,1690
1671,1672,1692
1671,1692,1691
1672,1673,1693
1672,1693,1692
1673,1674,1694
1673,1694,1693
1674,1655,1675
1674,1675,1694
1675,1676,1696
1675,1696,1695
1676,1677,1697
1676,1697,1696
1677,1678,1698
1677,1698,1697
1678,1679,1699
1678,1699,1698
1679,1680,1700
1679,1700,1699
1680,1681,1701
1680,1701,1700
1681,1682,1702
1681,1702,1701
1682,1683,1703
1682,1703,1702
1683,1684,1704
1683,1704,1703
1684,1685,1705
1684,1705,1704
1685,1686,1706
1685,1706,1705
1686,1687,1707
1686,1707,1706
1687,1688,1708
1687,1708,1707
1688,1689,1709
1688,1709,1708
1689,1690,1710
1689,1710,1709
1690,1691,1711
1690,1711,1710
1691,1692,1712
1691,1712,1711
1692,1693,1713
1692,1713,1712
1693,1694,1714
1693,1714,1713
1694,1675,1695
1694,1695,1714
1695,1696,1716
1695,1716,1715
1696,1697,1717
1696,1717,1716
1697,1698,1718
1697,1718,1717
1698,1699,1719
1698,1719,1718
1699,1700,1720
1699,1720,1719
1700,1701,1721
1700,1721,1720
1701,1702,1722
1701,1722,1721
1702,1703,1723
1702,1723,1722
1703,1704,1724
1703,1724,1723
1704,1705,1725
1704,1725,1724
1705,1706,1726
1705,1726,1725
1706,1707,1727
1706,1727,1726
1707,1708,1728
1707,1728,1727
1708,1709,1729
1708,1729,1728
1709,1710,1730
1709,1730,1729
1710,1711,1731
1710,1731,1730
1711,1712,1732
1711,1732,1731
1712,1713,1733
1712,1733,1732
1713,1714,1734
1713,1734,1733
1714,1695,1715
1714,1715,1734
1715,1716,1736
1715,1736,1735
1716,1717,1737
1716,1737,1736
1717,1718,1738
1717,1738,1737
1718,1719,1739
1718,1739,1738
1719,1720,1740
1719,1740,1739
1720,1721,1741
1720,1741,1740
1721,1722,1742
1721,1742,1741
1722,1723,1743
1722,1743,1742
1723,1724,1744
1723,1744,1743
1724,1725,1745
1724,1745,1744
1725,1726,1746
1725,1746,1745
1726,1727,1747
1726,1747,1746
1727,1728,1748
1727,1748,1747
1728,1729,1749
1728,1749,1748
1729,1730,1750
1729,1750,1749
1730,1731,1751
1730,1751,1750
1731,1732,1752
1731,1752,1751
1732,1733,1753
1732,1753,1752
1733,1734,1754
1733,1754,1753
1734,1715,1735
1734,1735,1754
1735,1736,1756
1735,1756,1755
1736,1737,1757
1736,1757,1756
1737,1738,1758
1737,1758,1757
1738,1739,1759
1738,1759,1758
1739,1740,1760
1739,1760,1759
1740,1741,1761
1740,1761,1760
1741,1742,1762
1741,1762,1761
1742,1743,1763
1742,1763,1762
1743,1744,1764
1743,1764,1763
1744,1745,1765
1744,1765,1764
1745,1746,1766
1745,1766,1765
1746,1747,1767
1746,1767,1766
1747,1748,1768
1747,1768,1767
1748,1749,1769
1748,1769,1768
1749,1750,1770
1749,1770,1769
1750,1751,1771
1750,1771,1770
1751,1752,1772
1751,1772,1771
1752,1753,1773
1752,1773,1772
1753,1754,1774
1753,1774,1773
1754,1735,1755
1754,1755,1774
1755,1756,1776
1755,1776,1775
1756,1757,1777
1756,1777,1776
1757,1758,1778
1757,1778,1777
1758,1759,1779
1758,1779,1778
1759,1760,1780
1759,1780,1779
1760,1761,1781
1760,1781,1780
1761,1762,1782
1761,1782,1781
1762,1763,1783
1762,1783,1782
1763,1764,1784
1763,1784,1783
1764,1765,1785
1764,1785,1784
1765,1766,1786
1765,1786,1785
1766,1767,1787
1766,1787,1786
1767,1768,1788
1767,1788,1787
1768,1769,1789
1768,1789,1788
1769,1770,1790
1769,1790,1789
1770,1771,1791
1770,1791,1790
1771,1772,1792
1771,1792,1791
1772,1773,1793
1772,1793,1792
1773,1774,1794
1773,1794,1793
1774,1755,1775
1774,1775,1794
1775,1776,1796
1775,1796,1795
1776,1777,1797
1776,1797,1796
1777,1778,1798
1777,1798,1797
1778,1779,1799
1778,1799,1798
1779,1780,1800
1779,1800,1799
1780,1781,1801
1780,1801,1800
1781,1782,1802
1781,1802,1801
1782,1783,1803
1782,1803,1802
1783,1784,1804
1783,1804,1803
1784,1785,1805
1784,1805,1804
1785,1786,1806
1785,1806,1805
1786,1787,1807
1786,1807,1806
1787,1788,1808
1787,1808,1807
1788,1789,1809
1788,1809,1808
1789,1790,1810
1789,1810,1809
1790,1791,1811
1790,1811,1810
1791,1792,1812
1791,1812,1811
1792,1793,1813
1792,1813,1812
1793,1794,1814
1793,1814,1813
1794,1775,1795
1794,1795,1814
1795,1796,1816
1795,1816,1815
1796,1797,1817
1796,1817,1816
1797,1798,1818
1797,1818,1817
1798,1799,1819
1798,1819,1818
1799,1800,1820
1799,1820,1819
1800,1801,1821
1800,1821,1820
1801,1802,1822
1801,1822,1821
1802,1803,1823
1802,1823,1822
1803,1804,1824
1803,1824,1823
1804,1805,1825
1804,1825,1824
1805,1806,1826
1805,1826,1825
1806,1807,1827
1806,1827,1826
1807,1808,1828
1807,1828,1827
1808,1809,1829
1808,1829,1828
1809,1810,1830
1809,1830,1829
1810,1811,1831
1810,1831,1830
1811,1812,1832
1811,1832,1831
1812,1813,1833
1812,1833,1832
1813,1814,1834
1813,1834,1833
1814,1795,1815
1814,1815,1834
1815,1816,1836
1815,1836,1835
1816,1817,1837
1816,1837,1836
1817,1818,1838
1817,1838,1837
1818,1819,1839
1818,1839,1838
1819,1820,1840
1819,1840,1839
1820,1821,1841
1820,1841,1840
1821,1822,1842
1821,1842,1841
1822,1823,1843
1822,1843,1842
1823,1824,1844
1823,1844,1843
1824,1825,1845
1824,1845,1844
1825,1826,1846
1825,1846,1845
1826,1827,1847
1826,1847,1846
1827,1828,1848
1827,1848,1847
1828,1829,1849
1828,1849,1848
1829,1830,1850
1829,1850,1849
1830,1831,1851
1830,1851,1850
1831,1832,1852
1831,1852,1851
1832,1833,1853
1832,1853,1852
1833,1834,1854
1833,1854,1853
1834,1815,1835
1834,1835,1854
1835,1836,1856
1835,1856,1855
1836,1837,1857
1836,1857,1856
1837,1838,1858
1837,1858,1857
1838,1839,1859
1838,1859,1858
1839,1840,1860
1839,1860,1859
1840,1841,1861
1840,1861,1860
1841,1842,1862
1841,1862,1861
1842,1843,1863
1842,1863,1862
1843,1844,1864
1843,1864,1863
1844,1845,1865
1844,1865,1864
1845,1846,1866
1845,1866,1865
1846,1847,1867
1846,1867,1866
1847,1848,1868
1847,1868,1867
1848,1849,1869
1848,1869,1868
1849,1850,1870
1849,1870,1869
1850,1851,1871
1850,1871,1870
1851,1852,1872
1851,1872,1871
1852,1853,1873
1852,1873,1872
1853,1854,1874
1853,1874,1873
1854,1835,1855
1854,1855,1874
1855,1856,1876
1855,1876,1875
1856,1857,1877
1856,1877,1876
1857,1858,1878
1857,1878,1877
1858,1859,1879
1858,1879,1878
1859,1860,1880
1859,1880,1879
1860,1861,1881
1860,1881,1880
1861,1862,1882
1861,1882,1881
1862,1863,1883
1862,1883,1882
1863,1864,1884
1863,1884,1883
1864,1865,1885
1864,1885,1884
1865,1866,1886
1865,1886,1885
1866,1867,1887
1866,1887,1886
1867,1868,1888
1867,1888,1887
1868,1869,1889
1868,1889,1888
1869,1870,1890
1869,1890,1889
1870,1871,1891
1870,1891,1890
1871,1872,1892
1871,1892,1891
1872,1873,1893
1872,1893,1892
1873,1874,1894
1873,1894,1893
1874,1855,1875
1874,1875,1894
1875,1876,1896
1875,1896,1895
1876,1877,1897
1876,1897,1896
1877,1878,1898
1877,1898,1897
1878,1879,1899
1878,1899,1898
1879,1880,1900
1879,1900,1899
1880,1881,1901
1880,1901,1900
1881,1882,1902
1881,1902,1901
1882,1883,1903
1882,1903,1902
1883,1884,1904
1883,1904,1903
1884,1885,1905
1884,1905,1904
1885,1886,1906
1885,1906,1905
1886,1887,1907
1886,1907,1906
1887,1888,1908
1887,1908,1907
1888,1889,1909
1888,1909,1908
1889,1890,1910
1889,1910,1909
1890,1891,1911
1890,1911,1910
1891,1892,1912
1891,1912,1911
1892,1893,1913
1892,1913,1912
1893,1894,1914
1893,1914,1913
1894,1875,1895
1894,1895,1914
1895,1896,1916
1895,1916,1915
1896,1897,1917
1896,1917,1916
1897,1898,1918
1897,1918,1917
1898,1899,1919
1898,1919,1918
1899,1900,1920
1899,1920,1919
1900,1901,1921
1900,1921,1920
1901,1902,1922
1901,1922,1921
1902,1903,1923
1902,1923,1922
1903,1904,1924
1903,1924,1923
1904,1905,1925
1904,1925,1924
1905,1906,1926
1905,1926,1925
1906,1907,1927
1906,1927,1926
1907,1908,1928
1907,1928,1927
1908,1909,1929
1908,1929,1928
1909,1910,1930
1909,1930,1929
1910,1911,1931
1910,1931,1930
1911,1912,1932
1911,1932,1931
1912,1913,1933
1912,1933,1932
1913,1914,1934
1913,1934,1933
1914,1895,1915
1914,1915,1934
1915,1916,1936
1915,1936,1935
1916,1917,1937
1916,1937,1936
1917,1918,1938
1917,1938,1937
1918,1919,1939
1918,1939,1938
1919,1920,1940
1919,1940,1939
1920,1921,1941
1920,1941,1940
1921,1922,1942
1921,1942,1941
1922,1923,1943
1922,1943,1942
1923,1924,1944
1923,1944,1943
1924,1925,1945
1924,1945,1944
1925,1926,1946
1925,1946,1945
1926,1927,1947
1926,1947,1946
1927,1928,1948
1927,1948,1947
1928,1929,1949
1928,1949,1948
1929,1930,1950
1929,1950,1949
1930,1931,1951
1930,1951,1950
1931,1932,1952
1931,1952,1951
1932,1933,1953
1932,1953,1952
1933,1934,1954
1933,1954,1953
1934,1915,1935
1934,1935,1954
1935,1936,1956
1935,1956,1955
1936,1937,1957
1936,1957,1956
1937,1938,1958
1937,1958,1957
1938,1939,1959
1938,1959,1958
1939,1940,1960
1939,1960,1959
1940,1941,1961
1940,1961,1960
1941,1942,1962
1941,1962,1961
1942,1943,1963
1942,1963,1962
1943,1944,1964
1943,1964,1963
1944,1945,1965
1944,1965,1964
1945,1946,1966
1945,1966,1965
1946,1947,1967
1946,1967,1966
1947,1948,1968
1947,1968,1967
1948,1949,1969
1948,1969,1968
1949,1950,1970
1949,1970,1969
1950,1951,1971
1950,1971,1970
1951,1952,1972
1951,1972,1971
1952,1953,1973
1952,1973,1972
1953,1954,1974
1953,1974,1973
1954,1935,1955
1954,1955,1974
1955,1956,1976
1955,1976,1975
1956,1957,1977
1956,1977,1976
1957,1958,1978
1957,1978,1977
1958,1959,1979
1958,1979,1978
1959,1960,1980
1959,1980,1979
1960,1961,1981
1960,1981,1980
1961,1962,1982
1961,1982,1981
1962,1963,1983
1962,1983,1982
1963,1964,1984
1963,1984,1983
1964,1965,1985
1964,1985,1984
1965,1966,1986
1965,1986,1985
1966,1967,1987
1966,1987,1986
1967,1968,1988
1967,1988,1987
1968,1969,1989
1968,1989,1988
1969,1970,1990
1969,1990,1989
1970,1971,1991
1970,1991,1990
1971,1972,1992
1971,1992,1991
1972,1973,1993
1972,1993,1992
1973,1974,1994
1973,1994,1993
1974,1955,1975
1974,1975,1994
1975,1976,1996
1975,1996,1995
1976,1977,1997
1976,1997,1996
1977,1978,1998
1977,1998,1997
1978,1979,1999
1978,1999,1998
1979,1980,2000
1979,2000,1999
1980,1981,2001
1980,2001,2000
1981,1982,2002
1981,2002,2001
1982,1983,2003
1982,2003,2002
1983,1984,2004
1983,2004,2003
1984,1985,2005
1984,2005,2004
1985,1986,2006
1985,2006,2005
1986,1987,2007
1986,2007,2006
1987,1988,2008
1987,2008,2007
1988,1989,2009
1988,2009,2008
1989,1990,2010
1989,2010,2009
1990,1991,2011
1990,2011,2010
1991,1992,2012
1991,2012,2011
1992,1993,2013
1992,2013,2012
1993,1994,2014
1993,2014,2013
1994,1975,1995
1994,1995,2014
1995,1996,2016
1995,2016,2015
1996,1997,2017
1996,2017,2016
1997,1998,2018
1997,2018,2017
1998,1999,2019
1998,2019,2018
1999,2000,2020
1999,2020,2019
2000,2001,2021
2000,2021,2020
2001,2002,2022
2001,2022,2021
2002,2003,2023
2002,2023,2022
2003,2004,2024
2003,2024,2023
2004,2005,2025
2004,2025,2024
2005,2006,2026
2005,2026,2025
2006,2007,2027
2006,2027,2026
2007,2008,2028
2007,2028,2027
2008,2009,2029
2008,2029,2028
2009,2010,2030
2009,2030,2029
2010,2011,2031
2010,2031,2030
2011,2012,2032
2011,2032,2031
2012,2013,2033
2012,2033,2032
2013,2014,2034
2013,2034,2033
2014,1995,2015
2014,2015,2034
2015,2016,2036
2015,2036,2035
2016,2017,2037
2016,2037,2036
2017,2018,2038
2017,2038,2037
2018,2019,2039
2018,2039,2038
2019,2020,2040
2019,2040,2039
2020,2021,2041
2020,2041,2040
2021,2022,2042
2021,2042,2041
2022,2023,2043
2022,2043,2042
2023,2024,2044
2023,2044,2043
2024,2025,2045
2024,2045,2044
2025,2026,2046
2025,2046,2045
2026,2027,2047
2026,2047,2046
2027,2028,2048
2027,2048,2047
2028,2029,2049
2028,2049,2048
2029,2030,2050
2029,2050,2049
2030,2031,2051
2030,2051,2050
2031,2032,2052
2031,2052,2051
2032,2033,2053
2032,2053,2052
2033,2034,2054
2033,2054,2053
2034,2015,2035
2034,2035,2054
2035,2036,2056
2035,2056,2055
2036,2037,2057
2036,2057,2056
2037,2038,2058
2037,2058,2057
2038,2039,2059
2038,2059,2058
2039,2040,2060
2039,2060,2059
2040,2041,2061
2040,2061,2060
2041,2042,2062
2041,2062,2061
2042,2043,2063
2042,2063,2062
2043,2044,2064
2043,2064,2063
2044,2045,2065
2044,2065,2064
2045,2046,2066
2045,2066,2065
2046,2047,2067
2046,2067,2066
2047,2048,2068
2047,2068,2067
2048,2049,2069
2048,2069,2068
2049,2050,2070
2049,2070,2069
2050,2051,2071
2050,2071,2070
2051,2052,2072
2051,2072,2071
2052,2053,2073
2052,2073,2072
2053,2054,2074
2053,2074,2073
2054,2035,2055
2054,2055,2074
2055,2056,2076
2055,2076,2075
2056,2057,2077
2056,2077,2076
2057,2058,2078
2057,2078,2077
2058,2059,2079
2058,2079,2078
2059,2060,2080
2059,2080,2079
2060,2061,2081
2060,2081,2080
2061,2062,2082
2061,2082,2081
2062,2063,2083
2062,2083,2082
2063,2064,2084
2063,2084,2083
2064,2065,2085
2064,2085,2084
2065,2066,2086
2065,2086,2085
2066,2067,2087
2066,2087,2086
2067,2068,2088
2067,2088,2087
2068,2069,2089
2068,2089,2088
2069,2070,2090
2069,2090,2089
2070,2071,2091
2070,2091,2090
2071,2072,2092
2071,2092,2091
2072,2073,2093
2072,2093,2092
2073,2074,2094
2073,2094,2093
2074,2055,2075
2074,2075,2094
2075,2076,2096
2075,2096,2095
2076,2077,2097
2076,2097,2096
2077,2078,2098
2077,2098,2097
2078,2079,2099
2078,2099,2098
2079,2080,2100
2079,2100,2099
2080,2081,2101
2080,2101,2100
2081,2082,2102
2081,2102,2101
2082,2083,2103
2082,2103,2102
2083,2084,2104
2083,2104,2103
2084,2085,2105
2084,2105,2104
2085,2086,2106
2085,2106,2105
2086,2087,2107
2086,2107,2106
2087,2088,2108
2087,2108,2107
2088,2089,2109
2088,2109,2108
2089,2090,2110
2089,2110,2109
2090,2091,2111
2090,2111,2110
2091,2092,2112
2091,2112,2111
2092,2093,2113
2092,2113,2112
2093,2094,2114
2093,2114,2113
2094,2075,2095
2094,2095,2114
2095,2096,2116
2095,2116,2115
2096,2097,2117
2096,2117,2116
2097,2098,2118
2097,2118,2117
2098,2099,2119
2098,2119,2118
2099,2100,2120
2099,2120,2119
2100,2101,2121
2100,2121,2120
2101,2102,2122
2101,2122,2121
2102,2103,2123
2102,2123,2122
2103,2104,2124
2103,2124,2123
2104,2105,2125
2104,2125,2124
2105,2106,2126
2105,2126,2125
2106,2107,2127
2106,2127,2126
2107,2108,2128
2107,2128,2127
2108,2109,2129
2108,2129,2128
2109,2110,2130
2109,2130,2129
2110,2111,2131
2110,2131,2130
2111,2112,2132
2111,2132,2131
2112,2113,2133
2112,2133,2132
2113,2114,2134
2113,2134,2133
2114,2095,2115
2114,2115,2134
2115,2116,2136
2115,2136,2135
2116,2117,2137
2116,2137,2136
2117,2118,2138
2117,2138,2137
2118,2119,2139
2118,2139,2138
2119,2120,2140
2119,2140,2139
2120,2121,2141
2120,2141,2140
2121,2122,2142
2121,2142,2141
2122,2123,2143
2122,2143,2142
2123,2124,2144
2123,2144,2143
2124,2125,2145
2124,2145,2144
2125,2126,2146
2125,2146,2145
2126,2127,2147
2126,2147,2146
2127,2128,2148
2127,2148,2147
2128,2129,2149
2128,2149,2148
2129,2130,2150
2129,2150,2149
2130,2131,2151
2130,2151,2150
2131,2132,2152
2131,2152,2151
2132,2133,2153
2132,2153,2152
2133,2134,2154
2133,2154,2153
2134,2115,2135
2134,2135,2154
2135,2136,2156
2135,2156,2155
2136,2137,2157
2136,2157,2156
2137,2138,2158
2137,2158,2157
2138,2139,2159
2138,2159,2158
2139,2140,2160
2139,2160,2159
2140,2141,2161
2140,2161,2160
2141,2142,2162
2141,2162,2161
2142,2143,2163
2142,2163,2162
2143,2144,2164
2143,2164,2163
2144,2145,2165
2144,2165,2164
2145,2146,2166
2145,2166,2165
2146,2147,2167
2146,2167,2166
2147,2148,2168
2147,2168,2167
2148,2149,2169
2148,2169,2168
2149,2150,2170
2149,2170,2169
2150,2151,2171
2150,2171,2170
2151,2152,2172
2151,2172,2171
2152,2153,2173
2152,2173,2172
2153,2154,2174
2153,2174,2173
2154,2135,2155
2154,2155,2174
2155,2156,2176
2155,2176,2175
2156,2157,2177
2156,2177,2176
2157,2158,2178
2157,2178,2177
2158,2159,2179
2158,2179,2178
2159,2160,2180
2159,2180,2179
2160,2161,2181
2160,2181,2180
2161,2162,2182
2161,2182,2181
2162,2163,2183
2162,2183,2182
2163,2164,2184
2163,2184,2183
2164,2165,2185
2164,2185,2184
2165,2166,2186
2165,2186,2185
2166,2167,2187
2166,2187,2186
2167,2168,2188
2167,2188,2187
2168,2169,2189
2168,2189,2188
2169,2170,2190
2169,2190,2189
2170,2171,2191
2170,2191,2190
2171,2172,2192
2171,2192,2191
2172,2173,2193
2172,2193,2192
2173,2174,2194
2173,2194,2193
2174,2155,2175
2174,2175,2194
2175,2176,2196
2175,2196,2195
2176,2177,2197
2176,2197,2196
2177,2178,2198
2177,2198,2197
2178,2179,2199
2178,2199,2198
2179,2180,2200
2179,2200,2199
2180,2181,2201
2180,2201,2200
2181,2182,2202
2181,2202,2201
2182,2183,2203
2182,2203,2202
2183,2184,2204
2183,2204,2203
2184,2185,2205
2184,2205,2204
2185,2186,2206
2185,2206,2205
2186,2187,2207
2186,2207,2206
2187,2188,2208
2187,2208,2207
2188,2189,2209
2188,2209,2208
2189,2190,2210
2189,2210,2209
2190,2191,2211
2190,2211,2210
2191,2192,2212
2191,2212,2211
2192,2193,2213
2192,2213,2212
2193,2194,2214
2193,2214,2213
2194,2175,2195
2194,2195,2214
2195,2196,2216
2195,2216,2215
2196,2197,2217
2196,2217,2216
2197,2198,2218
2197,2218,2217
2198,2199,2219
2198,2219,2218
2199,2200,2220
2199,2220,2219
2200,2201,2221
2200,2221,2220
2201,2202,2222
2201,2222,2221
2202,2203,2223
2202,2223,2222
2203,2204,2224
2203,2224,2223
2204,2205,2225
2204,2225,2224
2205,2206,2226
2205,2226,2225
2206,2207,2227
2206,2227,2226
2207,2208,2228
2207,2228,2227
2208,2209,2229
2208,2229,2228
2209,2210,2230
2209,2230,2229
2210,2211,2231
2210,2231,2230
2211,2212,2232
2211,2232,2231
2212,2213,2233
2212,2233,2232
2213,2214,2234
2213,2234,2233
2214,2195,2215
2214,2215,2234
2215,2216,2236
2215,2236,2235
2216,2217,2237
2216,2237,2236
2217,2218,2238
2217,2238,2237
2218,2219,2239
2218,2239,2238
2219,2220,2240
2219,2240,2239
2220,2221,2241
2220,2241,2240
2221,2222,2242
2221,2242,2241
2222,2223,2243
2222,2243,2242
2223,2224,2244
2223,2244,2243
2224,2225,2245
2224,2245,2244
2225,2226,2246
2225,2246,2245
2226,2227,2247
2226,2247,2246
2227,2228,2248
2227,2248,2247
2228,2229,2249
2228,2249,2248
2229,2230,2250
2229,2250,2249
2230,2231,2251
2230,2251,2250
2231,2232,2252
2231,2252,2251
2232,2233,2253
2232,2253,2252
2233,2234,2254
2233,2254,2253
2234,2215,2235
2234,2235,2254
2235,2236,2255
2236,2237,2255
2237,2238,2255
2238,2239,2255
2239,2240,2255
2240,2241,2255
2241,2242,2255
2242,2243,2255
2243,2244,2255
2244,2245,2255
2245,2246,2255
2246,2247,2255
2247,2248,2255
2248,2249,2255
2249,2250,2255
2250,2251,2255
2251,2252,2255
2252,2253,2255
2253,2254,2255
2254,2235,2255
2256,1319,1324
2257,1318,1324
2258,1320,1325
2259,1326,1325
2260,1322,1330
2261,1321,1330
2262,1323,1331
2263,1335,1334
2264,1328,1338
2265,1327,1338
2266,1329,1339
2267,1336,1346
2268,1347,1346
2269,1337,1351
2270,1361,1360
2271,1349,1364
2272,1348,1364
2273,1350,1365
2274,1377,1376
2275,1363,1379
2276,1362,1379
2277,1394,1393
2278,1378,1398
2279,1414,1413
2280,1396,1416
2281,1397,1417
2282,1395,1415
1363,2301,2272
2301,1259,2302
2302,1348,2272
2272,2301,2302
1259,1307,2302
2302,2304,1348
2304,1307,1270
1307,2304,2302
1348,2304,2271
2304,1270,2305
2305,1349,2271
2271,2304,2305
1270,1309,2305
2305,2306,1349
2306,1309,1278
1309,2306,2305
1349,2306,2273
2306,1278,2307
2307,1350,2273
2273,2306,2307
1350,2307,2269
2307,1278,2308
2308,1337,2269
2269,2307,2308
1278,1310,2308
2308,2309,1337
2309,1310,1279
1310,2309,2308
1337,2309,2265
2309,1279,2310
2310,1327,2265
2265,2309,2310
1279,1314,2310
2310,2311,1327
2311,1314,1285
1314,2311,2310
1327,2311,2264
2311,1285,2312
2312,1328,2264
2264,2311,2312
1285,1315,2312
2312,2313,1328
2313,1315,1286
1315,2313,2312
1328,2313,2266
2313,1286,2314
2314,1329,2266
2266,2313,2314
1286,1317,2314
2314,2315,1329
2315,1317,1287
1317,2315,2314
1329,2315,2261
2315,1287,2316
2316,1321,2261
2261,2315,2316
1287,1316,2316
2316,2317,1321
2317,1316,1282
1316,2317,2316
1282,1311,2317
2317,2318,1321
2318,1311,1283
1311,2318,2317
1321,2318,2260
2318,1283,2319
2319,1322,2260
2260,2318,2319
1283,1313,2319
2319,2320,1322
2320,1313,1284
1313,2320,2319
1322,2320,2262
2320,1284,2321
2321,1323,2262
2262,2320,2321
1284,1312,2321
2321,2322,1323
2322,1312,1277
1312,2322,2321
1277,1308,2322
2322,2323,1323
2323,1308,1267
1308,2323,2322
1267,1304,2323
2323,2324,1323
2324,1304,1268
1304,2324,2323
1323,2257,2324
2324,2325,1268
2325,2257,1318
2257,2325,2324
1268,1306,2325
2325,2326,1318
2326,1306,1269
1306,2326,2325
1318,2326,2256
2326,1269,2327
2327,1319,2256
2256,2326,2327
1269,1305,2327
2327,2328,1319
2328,1305,1258
1305,2328,2327
1258,1302,2328
2328,2329,1319
2329,1302,1246
1302,2329,2328
1319,2329,2258
2329,1246,2330
2330,1320,2258
2258,2329,2330
1246,1300,2330
2330,2331,1320
2331,1300,1234
1300,2331,2330
1234,1299,2331
2331,2332,1320
2332,1299,1219
1299,2332,2331
1320,2332,2259
2332,1219,2333
2333,1326,2259
2259,2332,2333
1219,1296,2333
2333,2334,1326
2334,1296,1220
1296,2334,2333
1326,2334,2263
2334,1220,2335
2335,1335,2263
2263,2334,2335
1220,1295,2335
2335,2336,1335
2336,1295,1202
1295,2336,2335
1202,1292,2336
2336,2337,1335
2337,1292,1203
1292,2337,2336
1335,2337,2267
2337,1203,2338
2338,1336,2267
2267,2337,2338
1203,1291,2338
2338,2339,1336
2339,1291,1184
1291,2339,2338
1184,1289,2339
2339,2283,1336
2283,1289,1164
1289,2283,2339
1336,2283,2268
2283,1164,2284
2284,1347,2268
2268,2283,2284
1164,1288,2284
2284,2285,1347
2285,1288,1165
1288,2285,2284
1165,1290,2285
2285,2286,1347
2286,1290,1185
1290,2286,2285
1347,2286,2270
2286,1185,2287
2287,1361,2270
2270,2286,2287
1185,1293,2287
2287,2288,1361
2288,1293,1204
1293,2288,2287
1361,2288,2274
2288,1204,2289
2289,1377,2274
2274,2288,2289
1204,1294,2289
2289,2290,1377
2290,1294,1205
1294,2290,2289
1377,2290,2277
2290,1205,2291
2291,1394,2277
2277,2290,2291
1394,2291,2279
2291,1205,2292
2292,1414,2279
2279,2291,2292
1205,1297,2292
2292,2293,1414
2293,1297,1221
1297,2293,2292
1414,2293,2282
2293,1221,2294
2294,1395,2282
2282,2293,2294
1221,1298,2294
2294,2295,1395
2295,1298,1235
1298,2295,2294
1395,2295,2280
2295,1235,2296
2296,1396,2280
2280,2295,2296
1396,2296,2281
2296,1235,2297
2297,1397,2281
2281,2296,2297
1235,1301,2297
2297,2298,1397
2298,1301,1247
1301,2298,2297
1397,2298,2278
2298,1247,2299
2299,1378,2278
2278,2298,2299
1378,2299,2276
2299,1247,2300
2300,1362,2276
2276,2299,2300
1247,1303,2300
2300,2303,1362
2303,1303,1259
1303,2303,2300
1362,2303,2275
2303,1259,2301
2301,1363,2275
2275,2303,2301
