1,1,1,9.99990000099999E-6,3.3986517694953573,100000.99999999999
1.4395779925210062,-1.9133970893634675,1.789402425781893,-0.33363847077952413,0.5997809739018608,-0.7272882194572089
1.416899572939275,-1.8726281559982434,1.7399664379020656,-0.33363847077952413,0.5997809739018608,-0.7272882194572089
1.394221153357544,-1.8318592226330193,1.6905304500222382,-0.33363847077952413,0.5997809739018608,-0.7272882194572089
1.3715427337758128,-1.7910902892677951,1.6410944621424108,-0.33363847077952413,0.5997809739018608,-0.7272882194572089
1.3488643141940817,-1.750321355902571,1.5916584742625832,-0.33363847077952413,0.5997809739018608,-0.7272882194572089
1.3261858946123506,-1.7095524225373466,1.5422224863827558,-0.33363847077952413,0.5997809739018608,-0.7272882194572089
1.3035074750306195,-1.6687834891721225,1.4927864985029284,-0.33363847077952413,0.5997809739018608,-0.7272882194572089
1.2808290554488884,-1.6280145558068984,1.443350510623101,-0.33363847077952413,0.5997809739018608,-0.7272882194572089
1.2581506358671575,-1.5872456224416742,1.3939145227432737,-0.33363847077952413,0.5997809739018608,-0.7272882194572089
1.2354722162854264,-1.54647668907645,1.3444785348634463,-0.33363847077952413,0.5997809739018608,-0.7272882194572089
1.2127937967036952,-1.5057077557112257,1.2950425469836189,-0.33363847077952413,0.5997809739018608,-0.7272882194572089
1.1901153771219641,-1.4649388223460016,1.2456065591037915,-0.33363847077952413,0.5997809739018608,-0.7272882194572089
1.167436957540233,-1.4241698889807777,1.196170571223964,-0.33363847077952413,0.5997809739018608,-0.7272882194572089
1.1447585379585017,-1.3834009556155533,1.1467345833441367,-0.33363847077952413,0.5997809739018608,-0.7272882194572089
1.1220801183767706,-1.3426320222503292,1.097298595464309,-0.33363847077952413,0.5997809739018608,-0.7272882194572089
1.0994016987950397,-1.3018630888851053,1.047862607584482,-0.33363847077952413,0.5997809739018608,-0.7272882194572089
1.0767232792133086,-1.261094155519881,0.9984266197046543,-0.33363847077952413,0.5997809739018608,-0.7272882194572089
1.0540448596315775,-1.2203252221546568,0.948990631824827,-0.33363847077952413,0.5997809739018608,-0.7272882194572089
1.0313664400498463,-1.1795562887894326,0.8995546439449996,-0.33363847077952413,0.5997809739018608,-0.7272882194572089
1.0086880204681152,-1.1387873554242085,0.850118656065172,-0.33363847077952413,0.5997809739018608,-0.7272882194572089
0.9860096008863842,-1.0980184220589841,0.8006826681853445,-0.33363847077952413,0.5997809739018608,-0.7272882194572089
0.9633311813046531,-1.0572494886937602,0.7512466803055173,-0.33363847077952413,0.5997809739018608,-0.7272882194572089
0.9406527617229219,-1.0164805553285359,0.7018106924256899,-0.33363847077952413,0.5997809739018608,-0.7272882194572089
0.9179743421411909,-0.9757116219633117,0.6523747045458623,-0.33363847077952413,0.5997809739018608,-0.7272882194572089
0.8952959225594598,-0.9349426885980877,0.6029387166660352,-0.33363847077952413,0.5997809739018608,-0.7272882194572089
0.8726175029777286,-0.8941737552328635,0.5535027287862078,-0.33363847077952413,0.5997809739018608,-0.7272882194572089
0.8499390833959974,-0.8534048218676391,0.5040667409063804,-0.33363847077952413,0.5997809739018608,-0.7272882194572089
0.8272606638142666,-0.8126358885024152,0.45463075302655276,-0.33363847077952413,0.5997809739018608,-0.7272882194572089
0.8045822442325352,-0.7718669551371908,0.40519476514672514,-0.33363847077952413,0.5997809739018608,-0.7272882194572089
0.7819038246508042,-0.7310980217719667,0.355758777266898,-0.33363847077952413,0.5997809739018608,-0.7272882194572089
0.7592254050690731,-0.690329088406743,0.3063227893870708,-0.33363847077952413,0.5997809739018608,-0.7272882194572089
0.7365469854873421,-0.6495601550415184,0.2568868015072432,-0.33363847077952413,0.5997809739018608,-0.7272882194572089
0.7138685659056111,-0.6087912216762943,0.20745081362741558,-0.33363847077952413,0.5997809739018608,-0.7272882194572089
0.6911901463238797,-0.5680222883110699,0.15801482574758818,-0.33363847077952413,0.5997809739018608,-0.7272882194572089
0.6685117267421486,-0.527253354945846,0.10857883786776101,-0.33363847077952413,0.5997809739018608,-0.7272882194572089
0.6458333071604179,-0.4864844215806219,0.05914284998793384,-0.33363847077952413,0.5997809739018608,-0.7272882194572089
0.6231548875786866,-0.44571548821539775,0.009706862108106229,-0.33363847077952413,0.5997809739018608,-0.7272882194572089
0.6004764679969555,-0.4049465548501736,-0.039729125771721385,-0.33363847077952413,0.5997809739018608,-0.7272882194572089
0.5777980484152242,-0.36417762148494925,-0.089165113651549,-0.33363847077952413,0.5997809739018608,-0.7272882194572089
0.5551196288334932,-0.3234086881197251,-0.13860110153137617,-0.33363847077952413,0.5997809739018608,-0.7272882194572089
0.5324412092517623,-0.28263975475450076,-0.188037089411204,-0.33363847077952413,0.5997809739018608,-0.7272882194572089
0.5097627896700309,-0.24187082138927707,-0.23747307729103118,-0.33363847077952413,0.5997809739018608,-0.7272882194572089
0.4870843700883001,-0.20110188802405293,-0.28690906517085835,-0.33363847077952413,0.5997809739018608,-0.7272882194572089
0.4644059505065691,-0.16033295465882857,-0.33634505305068596,-0.33363847077952413,0.5997809739018608,-0.7272882194572089
0.44172753092483774,-0.11956402129360422,-0.38578104093051313,-0.33363847077952413,0.5997809739018608,-0.7272882194572089
0.4190491113431065,-0.07879508792838008,-0.43521702881034074,-0.33363847077952413,0.5997809739018608,-0.7272882194572089
0.3963706917613756,-0.038026154563155945,-0.48465301669016836,-0.33363847077952413,0.5997809739018608,-0.7272882194572089
0.3736922721796445,0.002742778802068191,-0.5340890045699955,-0.33363847077952413,0.5997809739018608,-0.7272882194572089
0.3510138525979134,0.043511712167292105,-0.5835249924498227,-0.33363847077952413,0.5997809739018608,-0.7272882194572089
0.3283354330161823,0.08428064553251646,-0.6329609803296503,-0.33363847077952413,0.5997809739018608,-0.7272882194572089
0.30565701343445095,0.1250495788977406,-0.6823969682094775,-0.33363847077952413,0.5997809739018608,-0.7272882194572089
2,2,2,9.99990000099999E-6,3.023345553452914,100000.99999999999
0.30565701343445084,0.1250495788977406,-0.6823969682094775,-0.7588874593522243,0.6435921535211935,0.09939297743743755
0.2597694329183763,0.16396560840945032,-0.6763869818818791,-0.7588874593522243,0.6435921535211935,0.09939297743743755
0.2138818524023018,0.20288163792116004,-0.6703769955542805,-0.7588874593522243,0.6435921535211935,0.09939297743743755
0.16799427188622726,0.24179766743286973,-0.6643670092266821,-0.7588874593522243,0.6435921535211935,0.09939297743743755
0.12210669137015273,0.2807136969445795,-0.6583570228990836,-0.7588874593522243,0.6435921535211935,0.09939297743743755
0.07621911085407818,0.3196297264562892,-0.6523470365714852,-0.7588874593522243,0.6435921535211935,0.09939297743743755
0.030331530338003676,0.35854575596799887,-0.6463370502438868,-0.7588874593522243,0.6435921535211935,0.09939297743743755
-0.01555605017807088,0.39746178547970856,-0.6403270639162882,-0.7588874593522243,0.6435921535211935,0.09939297743743755
-0.06144363069414538,0.4363778149914183,-0.6343170775886898,-0.7588874593522243,0.6435921535211935,0.09939297743743755
-0.10733121121021988,0.47529384450312795,-0.6283070912610914,-0.7588874593522243,0.6435921535211935,0.09939297743743755
-0.1532187917262945,0.5142098740148378,-0.6222971049334929,-0.7588874593522243,0.6435921535211935,0.09939297743743755
-0.19910637224236893,0.5531259035265474,-0.6162871186058945,-0.7588874593522243,0.6435921535211935,0.09939297743743755
-0.2449939527584435,0.5920419330382571,-0.6102771322782959,-0.7588874593522243,0.6435921535211935,0.09939297743743755
-0.29088153327451804,0.6309579625499669,-0.6042671459506975,-0.7588874593522243,0.6435921535211935,0.09939297743743755
-0.3367691137905926,0.6698739920616765,-0.598257159623099,-0.7588874593522243,0.6435921535211935,0.09939297743743755
-0.38265669430666704,0.7087900215733862,-0.5922471732955006,-0.7588874593522243,0.6435921535211935,0.09939297743743755
-0.4285442748227416,0.747706051085096,-0.5862371869679022,-0.7588874593522243,0.6435921535211935,0.09939297743743755
-0.47443185533881616,0.7866220805968057,-0.5802272006403036,-0.7588874593522243,0.6435921535211935,0.09939297743743755
-0.5203194358548906,0.8255381101085153,-0.5742172143127052,-0.7588874593522243,0.6435921535211935,0.09939297743743755
-0.5662070163709653,0.864454139620225,-0.5682072279851068,-0.7588874593522243,0.6435921535211935,0.09939297743743755
-0.6120945968870398,0.9033701691319348,-0.5621972416575083,-0.7588874593522243,0.6435921535211935,0.09939297743743755
-0.6579821774031144,0.9422861986436446,-0.5561872553299099,-0.7588874593522243,0.6435921535211935,0.09939297743743755
-0.7038697579191887,0.9812022281553543,-0.5501772690023115,-0.7588874593522243,0.6435921535211935,0.09939297743743755
-0.7497573384352635,1.0201182576670638,-0.544167282674713,-0.7588874593522243,0.6435921535211935,0.09939297743743755
-0.7956449189513378,1.0590342871787737,-0.5381572963471144,-0.7588874593522243,0.6435921535211935,0.09939297743743755
-0.8415324994674124,1.0979503166904836,-0.532147310019516,-0.7588874593522243,0.6435921535211935,0.09939297743743755
-0.8874200799834869,1.1368663462021933,-0.5261373236919176,-0.7588874593522243,0.6435921535211935,0.09939297743743755
-0.9333076604995615,1.175782375713903,-0.5201273373643192,-0.7588874593522243,0.6435921535211935,0.09939297743743755
-0.979195241015636,1.2146984052256125,-0.5141173510367205,-0.7588874593522243,0.6435921535211935,0.09939297743743755
-1.0250828215317105,1.2536144347373221,-0.5081073647091223,-0.7588874593522243,0.6435921535211935,0.09939297743743755
-1.0709704020477848,1.2925304642490318,-0.5020973783815237,-0.7588874593522243,0.6435921535211935,0.09939297743743755
-1.1168579825638596,1.3314464937607418,-0.4960873920539253,-0.7588874593522243,0.6435921535211935,0.09939297743743755
-1.162745563079934,1.3703625232724514,-0.4900774057263268,-0.7588874593522243,0.6435921535211935,0.09939297743743755
-1.2086331435960087,1.4092785527841611,-0.48406741939872844,-0.7588874593522243,0.6435921535211935,0.09939297743743755
-1.254520724112083,1.4481945822958708,-0.4780574330711299,-0.7588874593522243,0.6435921535211935,0.09939297743743755
-1.3004083046281574,1.4871106118075803,-0.47204744674353144,-0.7588874593522243,0.6435921535211935,0.09939297743743755
-1.3462958851442322,1.52602664131929,-0.4660374604159331,-0.7588874593522243,0.6435921535211935,0.09939297743743755
-1.3921834656603065,1.564942670831,-0.4600274740883348,-0.7588874593522243,0.6435921535211935,0.09939297743743755
-1.4380710461763813,1.6038587003427094,-0.45401748776073625,-0.7588874593522243,0.6435921535211935,0.09939297743743755
-1.4839586266924556,1.6427747298544195,-0.4480075014331375,-0.7588874593522243,0.6435921535211935,0.09939297743743755
-1.5298462072085304,1.681690759366129,-0.4419975151055392,-0.7588874593522243,0.6435921535211935,0.09939297743743755
-1.5757337877246047,1.720606788877839,-0.43598752877794067,-0.7588874593522243,0.6435921535211935,0.09939297743743755
-1.6216213682406795,1.7595228183895486,-0.42997754245034236,-0.7588874593522243,0.6435921535211935,0.09939297743743755
-1.6675089487567543,1.7984388479012583,-0.42396755612274384,-0.7588874593522243,0.6435921535211935,0.09939297743743755
-1.7133965292728282,1.837354877412968,-0.41795756979514553,-0.7588874593522243,0.6435921535211935,0.09939297743743755
-1.759284109788903,1.876270906924678,-0.411947583467547,-0.7588874593522243,0.6435921535211935,0.09939297743743755
-1.8051716903049777,1.9151869364363872,-0.4059375971399487,-0.7588874593522243,0.6435921535211935,0.09939297743743755
-1.8510592708210516,1.954102965948097,-0.3999276108123502,-0.7588874593522243,0.6435921535211935,0.09939297743743755
-1.8969468513371264,1.9930189954598068,-0.3939176244847514,-0.7588874593522243,0.6435921535211935,0.09939297743743755
-1.9428344318532011,2.0319350249715162,-0.3879076381571531,-0.7588874593522243,0.6435921535211935,0.09939297743743755
-1.9887220123692755,2.070851054483226,-0.3818976518295546,-0.7588874593522243,0.6435921535211935,0.09939297743743755
