1,1,1,1.0E-5,2.7183238868048196,100000.0
-0.41784843307356545,0.23350674006194655,-0.4562252463783033,0.8570026588413467,0.13357099791199195,0.4976999409841807
-0.37125621710189205,0.24076852474611704,-0.4291670536175304,0.8570026588413467,0.13357099791199195,0.4976999409841807
-0.3246640011302184,0.24803030943028753,-0.40210886085675746,0.8570026588413467,0.13357099791199195,0.4976999409841807
-0.278071785158545,0.255292094114458,-0.3750506680959844,0.8570026588413467,0.13357099791199195,0.4976999409841807
-0.23147956918687163,0.2625538787986285,-0.3479924753352115,0.8570026588413467,0.13357099791199195,0.4976999409841807
-0.184887353215198,0.269815663482799,-0.32093428257443857,0.8570026588413467,0.13357099791199195,0.4976999409841807
-0.1382951372435246,0.2770774481669695,-0.29387608981366564,0.8570026588413467,0.13357099791199195,0.4976999409841807
-0.09170292127185098,0.28433923285114,-0.2668178970528927,0.8570026588413467,0.13357099791199195,0.4976999409841807
-0.04511070530017758,0.2916010175353105,-0.2397597042921198,0.8570026588413467,0.13357099791199195,0.4976999409841807
0.0014815106714958226,0.2988628022194809,-0.21270151153134675,0.8570026588413467,0.13357099791199195,0.4976999409841807
0.048073726643169445,0.3061245869036514,-0.18564331877057383,0.8570026588413467,0.13357099791199195,0.4976999409841807
0.09466594261484285,0.3133863715878219,-0.1585851260098008,0.8570026588413467,0.13357099791199195,0.4976999409841807
0.14125815858651625,0.3206481562719924,-0.13152693324902787,0.8570026588413467,0.13357099791199195,0.4976999409841807
0.18785037455818987,0.32790994095616294,-0.10446874048825494,0.8570026588413467,0.13357099791199195,0.4976999409841807
0.2344425905298635,0.3351717256403334,-0.07741054772748202,0.8570026588413467,0.13357099791199195,0.4976999409841807
0.2810348065015369,0.34243351032450386,-0.05035235496670909,0.8570026588413467,0.13357099791199195,0.4976999409841807
0.3276270224732103,0.3496952950086744,-0.023294162205936164,0.8570026588413467,0.13357099791199195,0.4976999409841807
0.3742192384448839,0.35695707969284485,0.0037640305548367614,0.8570026588413467,0.13357099791199195,0.4976999409841807
0.4208114544165573,0.3642188643770153,0.030822223315609687,0.8570026588413467,0.13357099791199195,0.4976999409841807
0.46740367038823094,0.37148064906118583,0.05788041607638261,0.8570026588413467,0.13357099791199195,0.4976999409841807
0.5139958863599043,0.37874243374535627,0.08493860883715554,0.8570026588413467,0.13357099791199195,0.4976999409841807
0.5605881023315775,0.3860042184295268,0.11199680159792846,0.8570026588413467,0.13357099791199195,0.4976999409841807
0.6071803183032514,0.39326600311369725,0.1390549943587016,0.8570026588413467,0.13357099791199195,0.4976999409841807
0.6537725342749245,0.40052778779786785,0.16611318711947431,0.8570026588413467,0.13357099791199195,0.4976999409841807
0.7003647502465982,0.40778957248203823,0.19317137988024746,0.8570026588413467,0.13357099791199195,0.4976999409841807
0.7469569662182716,0.4150513571662087,0.2202295726410204,0.8570026588413467,0.13357099791199195,0.4976999409841807
0.793549182189945,0.42231314185037927,0.2472877654017933,0.8570026588413467,0.13357099791199195,0.4976999409841807
0.8401413981616188,0.4295749265345497,0.27434595816256646,0.8570026588413467,0.13357099791199195,0.4976999409841807
0.8867336141332927,0.4368367112187202,0.3014041509233394,0.8570026588413467,0.13357099791199195,0.4976999409841807
0.9333258301049656,0.44409849590289074,0.3284623436841123,0.8570026588413467,0.13357099791199195,0.4976999409841807
0.9799180460766395,0.45136028058706124,0.35552053644488524,0.8570026588413467,0.13357099791199195,0.4976999409841807
1.0265102620483124,0.45862206527123167,0.38257872920565816,0.8570026588413467,0.13357099791199195,0.4976999409841807
1.0731024780199863,0.4658838499554022,0.4096369219664311,0.8570026588413467,0.13357099791199195,0.4976999409841807
1.11969469399166,0.4731456346395726,0.436695114727204,0.8570026588413467,0.13357099791199195,0.4976999409841807
1.166286909963333,0.4804074193237432,0.46375330748797694,0.8570026588413467,0.13357099791199195,0.4976999409841807
1.212879125935006,0.48766920400791364,0.49081150024874987,0.8570026588413467,0.13357099791199195,0.4976999409841807
1.2594713419066799,0.494930988692084,0.5178696930095228,0.8570026588413467,0.13357099791199195,0.4976999409841807
1.3060635578783537,0.5021927733762545,0.5449278857702957,0.8570026588413467,0.13357099791199195,0.4976999409841807
1.3526557738500276,0.5094545580604251,0.5719860785310686,0.8570026588413467,0.13357099791199195,0.4976999409841807
1.3992479898217005,0.5167163427445955,0.5990442712918416,0.8570026588413467,0.13357099791199195,0.4976999409841807
1.4458402057933744,0.5239781274287659,0.6261024640526145,0.8570026588413467,0.13357099791199195,0.4976999409841807
1.4924324217650473,0.5312399121129364,0.6531606568133874,0.8570026588413467,0.13357099791199195,0.4976999409841807
1.5390246377367203,0.538501696797107,0.6802188495741603,0.8570026588413467,0.13357099791199195,0.4976999409841807
1.585616853708395,0.5457634814812775,0.7072770423349337,0.8570026588413467,0.13357099791199195,0.4976999409841807
1.632209069680068,0.553025266165448,0.7343352350957066,0.8570026588413467,0.13357099791199195,0.4976999409841807
1.6788012856517418,0.5602870508496186,0.7613934278564796,0.8570026588413467,0.13357099791199195,0.4976999409841807
1.7253935016234148,0.5675488355337892,0.788451620617252,0.8570026588413467,0.13357099791199195,0.4976999409841807
1.7719857175950886,0.5748106202179595,0.8155098133780254,0.8570026588413467,0.13357099791199195,0.4976999409841807
1.8185779335667616,0.58207240490213,0.8425680061387983,0.8570026588413467,0.13357099791199195,0.4976999409841807
1.8651701495384354,0.5893341895863005,0.8696261988995713,0.8570026588413467,0.13357099791199195,0.4976999409841807
1.9117623655101084,0.596595974270471,0.8966843916603442,0.8570026588413467,0.13357099791199195,0.4976999409841807
2,2,2,0.03673823492882094,1.5170177624649317,27.219598381290375
-0.41784843307356545,0.23350674006194755,-0.4562252463783032,-0.40503308582553155,-0.8582729530219693,0.315143994862027
-0.43015273335670834,0.20747301777572918,-0.4466656145961624,-0.40605161691356534,-0.8578387653047015,0.31501545540240605
-0.4424879285847738,0.18145248506912953,-0.4371098886847501,-0.4070696435040106,-0.857403511768281,0.31488652455279525
-0.4548540034319335,0.15544517427127819,-0.4275580805165481,-0.4080871643320212,-0.8569671929534877,0.31475720247338423
-0.4672509425340088,0.1294511176948841,-0.41801020195917327,-0.4091041781333815,-0.8565298094024242,0.3146274893248489
-0.479678730488446,0.10347034763617519,-0.408466264875356,-0.4101206836445062,-0.8560913616585171,0.31449738526835114
-0.4921373518543879,0.07750289637488766,-0.39892628112293305,-0.41113667960244094,-0.855651850266514,0.31436689046553823
-0.5046267911526485,0.051548796174195,-0.3893902625548268,-0.4121521647448646,-0.8552112757724846,0.31423600507854305
-0.5171470328657701,0.02560807928069725,-0.37985822101903555,-0.41316713781009073,-0.8547696387238194,0.3141047292699837
-0.529698061438018,-3.1922207564644145E-4,-0.3703301683586153,-0.4141815975370693,-0.8543269396692288,0.3139730632029635
-0.5422798612753987,-0.026233075681542706,-0.36080611641166505,-0.4151955426653878,-0.8538831791587429,0.3138410070410703
-0.5548924167456906,-0.05213344934039593,-0.35128607701131387,-0.41620897193527323,-0.8534383577437108,0.3137085609483772
-0.5675357121784732,-0.07802031087236866,-0.3417700619857068,-0.4172218840875935,-0.8529924759767994,0.3135757250894412
-0.5802097318651189,-0.10389362811441,-0.3322580831579869,-0.41823427786385886,-0.8525455344119931,0.31344249962930404
-0.5929144600588243,-0.1297533689202947,-0.322750152346283,-0.419246152006224,-0.8520975336045931,0.313308884733491
-0.6056498809746496,-0.1555995011606694,-0.3132462813636956,-0.42025750525748906,-0.851648474111217,0.3131748805680119
-0.6184159787895063,-0.18143199272308447,-0.3037464820182795,-0.42126833636110084,-0.8511983564897966,0.3130404872993593
-0.6312127376421874,-0.20725081151203678,-0.29425076611303114,-0.4222786440611556,-0.8507471812995797,0.3129057050945101
-0.6440401416334092,-0.23305592544901937,-0.284759145445874,-0.4232884271023997,-0.8502949491011277,0.3127705341209239
-0.6568981748257952,-0.2588473024725428,-0.2752716318096432,-0.4242976842302312,-0.8498416604563146,0.3126349745465435
-0.6697868212439253,-0.28462491053818834,-0.265788236992071,-0.4253064141907018,-0.849387315928328,0.31249902653979444
-0.6827060648743393,-0.31038871761865433,-0.25630897277577236,-0.42631461573051777,-0.8489319160816663,0.31236269026958496
-0.695655889665566,-0.3361386917037667,-0.2468338509382304,-0.42732228759704227,-0.8484754614821401,0.31222596590530544
-0.7086362795281258,-0.3618748008005572,-0.23736288325178023,-0.4283294285382965,-0.8480179526968699,0.3120888536168288
-0.7216472183345859,-0.38759701293327037,-0.2278960814835984,-0.4293360373029613,-0.847559390294286,0.3119513535745099
-0.7346886899195342,-0.41330529614342776,-0.21843345739568243,-0.43034211264037897,-0.8470997748441281,0.3118134659491852
-0.74776067807964,-0.4389996184898454,-0.20897502274484137,-0.4313476533005538,-0.8466391069174438,0.31167519091217266
-0.7608631665736458,-0.46467994804869445,-0.1995207892826778,-0.432352658034155,-0.8461773870865886,0.31153652863527165
-0.7739961391224108,-0.4903462529135258,-0.19007076875557583,-0.4333571255925178,-0.8457146159252249,0.3113974792907628
-0.7871595794089108,-0.5159985011953201,-0.1806249729046845,-0.4343610547276443,-0.8452507940083215,0.3112580430514075
-0.8003534710782727,-0.5416366610225158,-0.17118341346590404,-0.43536444419220566,-0.8447859219121522,0.31111822009044776
-0.8135777977377814,-0.567260700541063,-0.16174610216987095,-0.4363672927395438,-0.8443200002142957,0.3109780105816064
-0.8268325429569152,-0.5928705879144514,-0.15231305074194346,-0.4373695991236729,-0.8438530294936356,0.31083741469908616
-0.8401176902673564,-0.6184662913237564,-0.14288427090218825,-0.4383713620992804,-0.8433850103303582,0.31069643261757013
-0.8534332231630144,-0.6440477789676717,-0.13345977436536338,-0.43937258042172844,-0.8429159433059519,0.3105550645122208
-0.8667791251000423,-0.6696150190625585,-0.12403957284090605,-0.4403732528470571,-0.8424458290032084,0.3104133105586808
-0.8801553794968737,-0.6951679798424775,-0.11462367803291695,-0.4413733781319835,-0.8419746680062189,0.31027117093307166
-0.8935619697342119,-0.7207066295592246,-0.1052121016401455,-0.442372955033905,-0.8415024609003766,0.3101286458119946
-0.906998879155088,-0.7462309364823878,-0.09580485535597638,-0.44337198231090064,-0.8410292082723735,0.3099857353725292
-0.920466091064853,-0.7717408688993754,-0.08640195086841373,-0.444370458721732,-0.840554910710201,0.30984243979223436
-0.9339635887312077,-0.7972363951154375,-0.07700339986006788,-0.44536838302584486,-0.8400795688031486,0.3096987592491471
-0.9474913553842317,-0.8227174834537441,-0.06760921400813924,-0.4463657539833715,-0.8396031831418034,0.309554693921783
-0.9610493742163837,-0.848184102255392,-0.05821940498440514,-0.44736257035513116,-0.8391257543180493,0.3094102439891354
-0.9746376283825517,-0.873636219879462,-0.0488339844552057,-0.4483588309026324,-0.8386472829250661,0.3092654096306758
-0.988256101000057,-0.8990738047030402,-0.03945296408142829,-0.4493545343880747,-0.8381677695573294,0.30912019102635324
-1.0019047751486558,-0.9244968251212851,-0.030076355518492193,-0.4503496795743489,-0.837687214810609,0.3089745883565939
-1.0155836338706072,-0.949905249547442,-0.02070417041633643,-0.45134426522504023,-0.8372056192819688,0.30882860180230176
-1.0292926601706456,-0.9752990464128897,-0.011336420419403304,-0.4523382901044284,-0.8367229835697655,0.3086822315448571
-1.0430318370160394,-1.0006781841671786,-0.0019731171666261815,-0.45333175297749057,-0.8362393082736486,0.30853547776611717
-1.0568011473365861,-1.0260426312780848,0.007385727708588474,-0.4543246526099019,-0.8357545939945586,0.3083883406484159
-1.070600574024651,-1.051392356231624,0.016740102578371774,-0.4553169877680369,-0.8352688413347276,0.30824082037456324
