4,902,5
4,5,10
9,904,10
5,2133,11
5,11,10
6,2134,12
6,12,11
7,2135,905
7,13,12
9,10,15
14,906,15
10,11,16
10,16,15
11,12,17
11,17,16
12,13,18
12,18,17
13,907,18
14,15,22
21,908,22
15,16,23
15,23,22
16,17,24
16,24,23
17,18,25
17,25,24
19,909,18
18,26,25
20,910,28
27,911,28
21,22,29
21,29,28
22,23,30
22,30,29
23,24,31
23,31,30
24,25,32
24,32,31
26,912,25
25,33,32
27,28,35
34,913,35
28,29,36
28,36,35
29,30,37
29,37,36
30,31,38
30,38,37
31,32,39
31,39,38
33,914,32
32,40,39
34,35,42
41,915,42
35,36,43
35,43,42
36,37,44
36,44,43
37,38,45
37,45,44
38,39,46
38,46,45
40,916,39
39,47,46
41,42,49
48,917,49
42,43,50
42,50,49
43,44,51
43,51,50
44,45,52
44,52,51
45,46,53
45,53,52
47,918,46
46,54,53
48,49,58
57,919,58
49,50,59
49,59,58
50,51,60
50,60,59
51,52,61
51,61,60
52,53,62
52,62,61
53,54,63
53,63,62
54,920,63
56,921,66
65,922,66
57,58,67
57,67,66
58,59,68
58,68,67
59,60,69
59,69,68
60,61,70
60,70,69
61,62,71
61,71,70
62,63,72
62,72,71
55,923,63
63,64,72
65,66,75
74,924,75
66,67,76
66,76,75
67,68,77
67,77,76
68,69,78
68,78,77
69,70,79
69,79,78
70,71,80
70,80,79
71,72,81
71,81,80
64,925,72
72,73,81
74,75,84
83,926,84
75,76,85
75,85,84
76,77,86
76,86,85
77,78,87
77,87,86
78,79,88
78,88,87
79,80,89
79,89,88
80,81,90
80,90,89
73,927,81
81,82,90
82,928,91
83,84,94
93,929,94
84,85,95
84,95,94
85,86,96
85,96,95
86,87,97
86,97,96
87,88,98
87,98,97
88,89,99
88,99,98
89,90,100
89,100,99
90,82,91
90,91,100
92,930,91
91,102,101
93,94,105
104,931,105
94,95,106
94,106,105
95,96,107
95,107,106
96,97,108
96,108,107
97,98,109
97,109,108
98,99,110
98,110,109
99,100,111
99,111,110
100,91,101
100,101,111
102,932,101
101,113,112
103,933,115
114,934,115
104,105,116
104,116,115
105,106,117
105,117,116
106,107,118
106,118,117
107,108,119
107,119,118
108,109,120
108,120,119
109,110,121
109,121,120
110,111,122
110,122,121
111,101,112
111,112,122
113,935,112
112,124,123
114,115,126
125,936,126
115,116,127
115,127,126
116,117,128
116,128,127
117,118,129
117,129,128
118,119,130
118,130,129
119,120,131
119,131,130
120,121,132
120,132,131
121,122,133
121,133,132
122,112,123
122,123,133
123,124,135
123,135,134
124,937,135
125,126,139
138,938,139
126,127,140
126,140,139
127,128,141
127,141,140
128,129,142
128,142,141
129,130,143
129,143,142
130,131,144
130,144,143
131,132,145
131,145,144
132,133,146
132,146,145
133,123,134
133,134,146
134,135,148
134,148,147
136,939,135
135,149,148
137,940,151
150,941,151
138,139,152
138,152,151
139,140,153
139,153,152
140,141,154
140,154,153
141,142,155
141,155,154
142,143,156
142,156,155
143,144,157
143,157,156
144,145,158
144,158,157
145,146,159
145,159,158
146,134,147
146,147,159
147,148,161
147,161,160
149,942,148
148,162,161
150,151,164
163,943,164
151,152,165
151,165,164
152,153,166
152,166,165
153,154,167
153,167,166
154,155,168
154,168,167
155,156,169
155,169,168
156,157,170
156,170,169
157,158,171
157,171,170
158,159,172
158,172,171
159,147,160
159,160,172
160,161,174
160,174,173
161,162,175
161,175,174
162,944,175
163,164,179
178,945,179
164,165,180
164,180,179
165,166,181
165,181,180
166,167,182
166,182,181
167,168,183
167,183,182
168,169,184
168,184,183
169,170,185
169,185,184
170,171,186
170,186,185
171,172,187
171,187,186
172,160,173
172,173,187
173,174,189
173,189,188
174,175,190
174,190,189
176,946,175
175,191,190
177,947,193
192,948,193
178,179,194
178,194,193
179,180,195
179,195,194
180,181,196
180,196,195
181,182,197
181,197,196
182,183,198
182,198,197
183,184,199
183,199,198
184,185,200
184,200,199
185,186,201
185,201,200
186,187,202
186,202,201
187,173,188
187,188,202
188,189,204
188,204,203
189,190,205
189,205,204
190,191,206
190,206,205
191,949,206
192,193,210
209,950,210
193,194,211
193,211,210
194,195,212
194,212,211
195,196,213
195,213,212
196,197,214
196,214,213
197,198,215
197,215,214
198,199,216
198,216,215
199,200,217
199,217,216
200,201,218
200,218,217
201,202,219
201,219,218
202,188,203
202,203,219
203,204,221
203,221,220
204,205,222
204,222,221
205,206,223
205,223,222
206,207,224
206,224,223
207,951,224
208,952,228
227,953,228
209,210,229
209,229,228
210,211,230
210,230,229
211,212,231
211,231,230
212,213,232
212,232,231
213,214,233
213,233,232
214,215,234
214,234,233
215,216,235
215,235,234
216,217,236
216,236,235
217,218,237
217,237,236
218,219,238
218,238,237
219,203,220
219,220,238
220,221,240
220,240,239
221,222,241
221,241,240
222,223,242
222,242,241
223,224,243
223,243,242
224,225,244
224,244,243
225,954,244
226,955,247
246,956,247
227,228,248
227,248,247
228,229,249
228,249,248
229,230,250
229,250,249
230,231,251
230,251,250
231,232,252
231,252,251
232,233,253
232,253,252
233,234,254
233,254,253
234,235,255
234,255,254
235,236,256
235,256,255
236,237,257
236,257,256
237,238,258
237,258,257
238,220,239
238,239,258
239,240,260
239,260,259
240,241,261
240,261,260
241,242,262
241,262,261
242,243,263
242,263,262
243,244,264
243,264,263
244,245,265
244,265,264
245,957,266
245,266,265
246,247,267
246,267,266
247,248,268
247,268,267
248,249,269
248,269,268
249,250,270
249,270,269
250,251,271
250,271,270
251,252,272
251,272,271
252,253,273
252,273,272
253,254,274
253,274,273
254,255,275
254,275,274
255,256,276
255,276,275
256,257,277
256,277,276
257,258,278
257,278,277
258,239,259
258,259,278
259,260,280
259,280,279
260,261,281
260,281,280
261,262,282
261,282,281
262,263,283
262,283,282
263,264,284
263,284,283
264,265,285
264,285,284
265,266,286
265,286,285
266,267,287
266,287,286
267,268,288
267,288,287
268,269,289
268,289,288
269,270,290
269,290,289
270,271,291
270,291,290
271,272,292
271,292,291
272,273,293
272,293,292
273,274,294
273,294,293
274,275,295
274,295,294
275,276,296
275,296,295
276,277,297
276,297,296
277,278,298
277,298,297
278,259,279
278,279,298
279,280,300
279,300,299
280,281,301
280,301,300
281,282,302
281,302,301
282,283,303
282,303,302
283,284,304
283,304,303
284,285,305
284,305,304
285,286,306
285,306,305
286,287,307
286,307,306
287,288,308
287,308,307
288,289,309
288,309,308
289,290,310
289,310,309
290,291,311
290,311,310
291,292,312
291,312,311
292,293,313
292,313,312
293,294,314
293,314,313
294,295,315
294,315,314
295,296,316
295,316,315
296,297,317
296,317,316
297,298,318
297,318,317
298,279,299
298,299,318
299,300,320
299,320,319
300,301,321
300,321,320
301,302,322
301,322,321
302,303,323
302,323,322
303,304,324
303,324,323
304,305,325
304,325,324
305,306,326
305,326,325
306,307,327
306,327,326
307,308,328
307,328,327
308,309,329
308,329,328
309,310,330
309,330,329
310,311,331
310,331,330
311,312,332
311,332,331
312,313,333
312,333,332
313,314,334
313,334,333
314,315,335
314,335,334
315,316,336
315,336,335
316,317,337
316,337,336
317,318,338
317,338,337
318,299,319
318,319,338
319,320,340
319,340,339
320,321,341
320,341,340
321,322,342
321,342,341
322,323,343
322,343,342
323,324,344
323,344,343
324,325,345
324,345,344
325,326,346
325,346,345
326,327,347
326,347,346
327,328,348
327,348,347
328,329,349
328,349,348
329,330,350
329,350,349
330,331,351
330,351,350
331,332,352
331,352,351
332,333,353
332,353,352
333,334,354
333,354,353
334,335,355
334,355,354
335,336,356
335,356,355
336,337,357
336,357,356
337,338,358
337,358,357
338,319,339
338,339,358
339,340,360
339,360,359
340,341,361
340,361,360
341,342,362
341,362,361
342,343,363
342,363,362
343,344,364
343,364,363
344,345,365
344,365,364
345,346,366
345,366,365
346,347,367
346,367,366
347,348,368
347,368,367
348,349,369
348,369,368
349,350,370
349,370,369
350,351,371
350,371,370
351,352,372
351,372,371
352,353,373
352,373,372
353,354,374
353,374,373
354,355,375
354,375,374
355,356,376
355,376,375
356,357,377
356,377,376
357,358,378
357,378,377
358,339,359
358,359,378
359,360,380
359,380,379
360,361,381
360,381,380
361,362,382
361,382,381
362,363,383
362,383,382
363,364,384
363,384,383
364,365,385
364,385,384
365,366,386
365,386,385
366,367,387
366,387,386
367,368,388
367,388,387
368,369,389
368,389,388
369,370,390
369,390,389
370,371,391
370,391,390
371,372,392
371,392,391
372,373,393
372,393,392
373,374,394
373,394,393
374,375,395
374,395,394
375,376,396
375,396,395
376,377,397
376,397,396
377,378,398
377,398,397
378,359,379
378,379,398
379,380,400
379,400,399
380,381,401
380,401,400
381,382,402
381,402,401
382,383,403
382,403,402
383,384,404
383,404,403
384,385,405
384,405,404
385,386,406
385,406,405
386,387,407
386,407,406
387,388,408
387,408,407
388,389,409
388,409,408
389,390,410
389,410,409
390,391,411
390,411,410
391,392,412
391,412,411
392,393,413
392,413,412
393,394,414
393,414,413
394,395,415
394,415,414
395,396,416
395,416,415
396,397,417
396,417,416
397,398,418
397,418,417
398,379,399
398,399,418
399,400,420
399,420,419
400,401,421
400,421,420
401,402,422
401,422,421
402,403,423
402,423,422
403,404,424
403,424,423
404,405,425
404,425,424
405,406,426
405,426,425
406,407,427
406,427,426
407,408,428
407,428,427
408,409,429
408,429,428
409,410,430
409,430,429
410,411,431
410,431,430
411,412,432
411,432,431
412,413,433
412,433,432
413,414,434
413,434,433
414,415,435
414,435,434
415,416,436
415,436,435
416,417,437
416,437,436
417,418,438
417,438,437
418,399,419
418,419,438
419,420,440
419,440,439
420,421,441
420,441,440
421,422,442
421,442,441
422,423,443
422,443,442
423,424,444
423,444,443
424,425,445
424,445,444
425,426,446
425,446,445
426,427,447
426,447,446
427,428,448
427,448,447
428,429,449
428,449,448
429,430,450
429,450,449
430,431,451
430,451,450
431,432,452
431,452,451
432,433,453
432,453,452
433,434,454
433,454,453
434,435,455
434,455,454
435,436,456
435,456,455
436,437,457
436,457,456
437,438,458
437,458,457
438,419,439
438,439,458
439,440,460
439,460,459
440,441,461
440,461,460
441,442,462
441,462,461
442,443,463
442,463,462
443,444,464
443,464,463
444,445,465
444,465,464
445,446,466
445,466,465
446,447,467
446,467,466
447,448,468
447,468,467
448,449,469
448,469,468
449,450,470
449,470,469
450,451,471
450,471,470
451,452,472
451,472,471
452,453,473
452,473,472
453,454,474
453,474,473
454,455,475
454,475,474
455,456,476
455,476,475
456,457,477
456,477,476
457,458,478
457,478,477
458,439,459
458,459,478
459,460,480
459,480,479
460,461,481
460,481,480
461,462,482
461,482,481
462,463,483
462,483,482
463,464,484
463,484,483
464,465,485
464,485,484
465,466,486
465,486,485
466,467,487
466,487,486
467,468,488
467,488,487
468,469,489
468,489,488
469,470,490
469,490,489
470,471,491
470,491,490
471,472,492
471,492,491
472,473,493
472,493,492
473,474,494
473,494,493
474,475,495
474,495,494
475,476,496
475,496,495
476,477,497
476,497,496
477,478,498
477,498,497
478,459,479
478,479,498
479,480,500
479,500,499
480,481,501
480,501,500
481,482,502
481,502,501
482,483,503
482,503,502
483,484,504
483,504,503
484,485,505
484,505,504
485,486,506
485,506,505
486,487,507
486,507,506
487,488,508
487,508,507
488,489,509
488,509,508
489,490,510
489,510,509
490,491,511
490,511,510
491,492,512
491,512,511
492,493,513
492,513,512
493,494,514
493,514,513
494,495,515
494,515,514
495,496,516
495,516,515
496,497,517
496,517,516
497,498,518
497,518,517
498,479,499
498,499,518
499,500,520
499,520,519
500,501,521
500,521,520
501,502,522
501,522,521
502,503,523
502,523,522
503,504,524
503,524,523
504,505,525
504,525,524
505,506,526
505,526,525
506,507,527
506,527,526
507,508,528
507,528,527
508,509,529
508,529,528
509,510,530
509,530,529
510,511,531
510,531,530
511,512,532
511,532,531
512,513,533
512,533,532
513,514,534
513,534,533
514,515,535
514,535,534
515,516,536
515,536,535
516,517,537
516,537,536
517,518,538
517,538,537
518,499,519
518,519,538
519,520,540
519,540,539
520,521,541
520,541,540
521,522,542
521,542,541
522,523,543
522,543,542
523,524,544
523,544,543
524,525,545
524,545,544
525,526,546
525,546,545
526,527,547
526,547,546
527,528,548
527,548,547
528,529,549
528,549,548
529,530,550
529,550,549
530,531,551
530,551,550
531,532,552
531,552,551
532,533,553
532,553,552
533,534,554
533,554,553
534,535,555
534,555,554
535,536,556
535,556,555
536,537,557
536,557,556
537,538,558
537,558,557
538,519,539
538,539,558
539,540,560
539,560,559
540,541,561
540,561,560
541,542,562
541,562,561
542,543,563
542,563,562
543,544,564
543,564,563
544,545,565
544,565,564
545,546,566
545,566,565
546,547,567
546,567,566
547,548,568
547,568,567
548,549,569
548,569,568
549,550,570
549,570,569
550,551,571
550,571,570
551,552,572
551,572,571
552,553,573
552,573,572
553,554,574
553,574,573
554,555,575
554,575,574
555,556,576
555,576,575
556,557,577
556,577,576
557,558,578
557,578,577
558,539,559
558,559,578
559,560,580
559,580,579
560,561,581
560,581,580
561,562,582
561,582,581
562,563,583
562,583,582
563,564,584
563,584,583
564,565,585
564,585,584
565,566,586
565,586,585
566,567,587
566,587,586
567,568,588
567,588,587
568,569,589
568,589,588
569,570,590
569,590,589
570,571,591
570,591,590
571,572,592
571,592,591
572,573,593
572,593,592
573,574,594
573,594,593
574,575,595
574,595,594
575,576,596
575,596,595
576,577,597
576,597,596
577,578,598
577,598,597
578,559,579
578,579,598
579,580,600
579,600,599
580,581,601
580,601,600
581,582,602
581,602,601
582,583,603
582,603,602
583,584,604
583,604,603
584,585,605
584,605,604
585,586,606
585,606,605
586,587,607
586,607,606
587,588,608
587,608,607
588,589,609
588,609,608
589,590,610
589,610,609
590,591,611
590,611,610
591,592,612
591,612,611
592,593,613
592,613,612
593,594,614
593,614,613
594,595,615
594,615,614
595,596,616
595,616,615
596,597,617
596,617,616
597,598,618
597,618,617
598,579,599
598,599,618
599,600,620
599,620,619
600,601,621
600,621,620
601,602,622
601,622,621
602,603,623
602,623,622
603,604,624
603,624,623
604,605,625
604,625,624
605,606,626
605,626,625
606,607,627
606,627,626
607,608,628
607,628,627
608,609,629
608,629,628
609,610,630
609,630,629
610,611,631
610,631,630
611,612,632
611,632,631
612,613,633
612,633,632
613,614,634
613,634,633
614,615,635
614,635,634
615,616,636
615,636,635
616,617,637
616,637,636
617,618,638
617,638,637
618,599,619
618,619,638
619,620,640
619,640,639
620,621,641
620,641,640
621,622,642
621,642,641
622,623,643
622,643,642
623,624,644
623,644,643
624,625,645
624,645,644
625,626,646
625,646,645
626,627,647
626,647,646
627,628,648
627,648,647
628,629,649
628,649,648
629,630,650
629,650,649
630,631,651
630,651,650
631,632,652
631,652,651
632,633,653
632,653,652
633,634,654
633,654,653
634,635,655
634,655,654
635,636,656
635,656,655
636,637,657
636,657,656
637,638,658
637,658,657
638,619,639
638,639,658
639,640,660
639,660,659
640,641,661
640,661,660
641,642,662
641,662,661
642,643,663
642,663,662
643,644,664
643,664,663
644,645,665
644,665,664
645,646,666
645,666,665
646,647,667
646,667,666
647,648,668
647,668,667
648,649,669
648,669,668
649,650,670
649,670,669
650,651,671
650,671,670
651,652,672
651,672,671
652,653,673
652,673,672
653,654,674
653,674,673
654,655,675
654,675,674
655,656,676
655,676,675
656,657,677
656,677,676
657,658,678
657,678,677
658,639,659
658,659,678
659,660,680
659,680,679
660,661,681
660,681,680
661,662,682
661,682,681
662,663,683
662,683,682
663,664,684
663,684,683
664,665,685
664,685,684
665,666,686
665,686,685
666,667,687
666,687,686
667,668,688
667,688,687
668,669,689
668,689,688
669,670,690
669,690,689
670,671,691
670,691,690
671,672,692
671,692,691
672,673,693
672,693,692
673,674,694
673,694,693
674,675,695
674,695,694
675,676,696
675,696,695
676,677,697
676,697,696
677,678,698
677,698,697
678,659,679
678,679,698
679,680,700
679,700,699
680,681,701
680,701,700
681,682,702
681,702,701
682,683,703
682,703,702
683,684,704
683,704,703
684,685,705
684,705,704
685,686,706
685,706,705
686,687,707
686,707,706
687,688,708
687,708,707
688,689,709
688,709,708
689,690,710
689,710,709
690,691,711
690,711,710
691,692,712
691,712,711
692,693,713
692,713,712
693,694,714
693,714,713
694,695,715
694,715,714
695,696,716
695,716,715
696,697,717
696,717,716
697,698,718
697,718,717
698,679,699
698,699,718
699,700,720
699,720,719
700,701,721
700,721,720
701,702,722
701,722,721
702,703,723
702,723,722
703,704,724
703,724,723
704,705,725
704,725,724
705,706,726
705,726,725
706,707,727
706,727,726
707,708,728
707,728,727
708,709,729
708,729,728
709,710,730
709,730,729
710,711,731
710,731,730
711,712,732
711,732,731
712,713,733
712,733,732
713,714,734
713,734,733
714,715,735
714,735,734
715,716,736
715,736,735
716,717,737
716,737,736
717,718,738
717,738,737
718,699,719
718,719,738
719,720,740
719,740,739
720,721,741
720,741,740
721,722,742
721,742,741
722,723,743
722,743,742
723,724,744
723,744,743
724,725,745
724,745,744
725,726,746
725,746,745
726,727,747
726,747,746
727,728,748
727,748,747
728,729,749
728,749,748
729,730,750
729,750,749
730,731,751
730,751,750
731,732,752
731,752,751
732,733,753
732,753,752
733,734,754
733,754,753
734,735,755
734,755,754
735,736,756
735,756,755
736,737,757
736,757,756
737,738,758
737,758,757
738,719,739
738,739,758
739,740,760
739,760,759
740,741,761
740,761,760
741,742,762
741,762,761
742,743,763
742,763,762
743,744,764
743,764,763
744,745,765
744,765,764
745,746,766
745,766,765
746,747,767
746,767,766
747,748,768
747,768,767
748,749,769
748,769,768
749,750,770
749,770,769
750,751,771
750,771,770
751,752,772
751,772,771
752,753,773
752,773,772
753,754,774
753,774,773
754,755,775
754,775,774
755,756,776
755,776,775
756,757,777
756,777,776
757,758,778
757,778,777
758,739,759
758,759,778
759,760,780
759,780,779
760,761,781
760,781,780
761,762,782
761,782,781
762,763,783
762,783,782
763,764,784
763,784,783
764,765,785
764,785,784
765,766,786
765,786,785
766,767,787
766,787,786
767,768,788
767,788,787
768,769,789
768,789,788
769,770,790
769,790,789
770,771,791
770,791,790
771,772,792
771,792,791
772,773,793
772,793,792
773,774,794
773,794,793
774,775,795
774,795,794
775,776,796
775,796,795
776,777,797
776,797,796
777,778,798
777,798,797
778,759,779
778,779,798
779,780,800
779,800,799
780,781,801
780,801,800
781,782,802
781,802,801
782,783,803
782,803,802
783,784,804
783,804,803
784,785,805
784,805,804
785,786,806
785,806,805
786,787,807
786,807,806
787,788,808
787,808,807
788,789,809
788,809,808
789,790,810
789,810,809
790,791,811
790,811,810
791,792,812
791,812,811
792,793,813
792,813,812
793,794,814
793,814,813
794,795,815
794,815,814
795,796,816
795,816,815
796,797,817
796,817,816
797,798,818
797,818,817
798,779,799
798,799,818
799,800,820
799,820,819
800,801,821
800,821,820
801,802,822
801,822,821
802,803,823
802,823,822
803,804,824
803,824,823
804,805,825
804,825,824
805,806,826
805,826,825
806,807,827
806,827,826
807,808,828
807,828,827
808,809,829
808,829,828
809,810,830
809,830,829
810,811,831
810,831,830
811,812,832
811,832,831
812,813,833
812,833,832
813,814,834
813,834,833
814,815,835
814,835,834
815,816,836
815,836,835
816,817,837
816,837,836
817,818,838
817,838,837
818,799,819
818,819,838
819,820,840
819,840,839
820,821,841
820,841,840
821,822,842
821,842,841
822,823,843
822,843,842
823,824,844
823,844,843
824,825,845
824,845,844
825,826,846
825,846,845
826,827,847
826,847,846
827,828,848
827,848,847
828,829,849
828,849,848
829,830,850
829,850,849
830,831,851
830,851,850
831,832,852
831,852,851
832,833,853
832,853,852
833,834,854
833,854,853
834,835,855
834,855,854
835,836,856
835,856,855
836,837,857
836,857,856
837,838,858
837,858,857
838,819,839
838,839,858
839,840,860
839,860,859
840,841,861
840,861,860
841,842,862
841,862,861
842,843,863
842,863,862
843,844,864
843,864,863
844,845,865
844,865,864
845,846,866
845,866,865
846,847,867
846,867,866
847,848,868
847,868,867
848,849,869
848,869,868
849,850,870
849,870,869
850,851,871
850,871,870
851,852,872
851,872,871
852,853,873
852,873,872
853,854,874
853,874,873
854,855,875
854,875,874
855,856,876
855,876,875
856,857,877
856,877,876
857,858,878
857,878,877
858,839,859
858,859,878
859,860,880
859,880,879
860,861,881
860,881,880
861,862,882
861,882,881
862,863,883
862,883,882
863,864,884
863,884,883
864,865,885
864,885,884
865,866,886
865,886,885
866,867,887
866,887,886
867,868,888
867,888,887
868,869,889
868,889,888
869,870,890
869,890,889
870,871,891
870,891,890
871,872,892
871,892,891
872,873,893
872,893,892
873,874,894
873,894,893
874,875,895
874,895,894
875,876,896
875,896,895
876,877,897
876,897,896
877,878,898
877,898,897
878,859,879
878,879,898
879,880,899
880,881,899
881,882,899
882,883,899
883,884,899
884,885,899
885,886,899
886,887,899
887,888,899
888,889,899
889,890,899
890,891,899
891,892,899
892,893,899
893,894,899
894,895,899
895,896,899
896,897,899
897,898,899
898,879,899
2,2136,902
904,4,10
905,13,7
906,9,15
907,19,18
908,14,22
909,26,18
910,21,28
911,20,28
912,33,25
913,27,35
914,40,32
915,34,42
916,47,39
917,41,49
918,54,46
919,48,58
920,55,63
921,57,66
922,56,66
923,64,63
924,65,75
925,73,72
926,74,84
927,82,81
928,92,91
929,83,94
930,102,91
931,93,105
932,113,101
933,104,115
934,103,115
935,124,112
936,114,126
937,136,135
938,125,139
939,149,135
940,138,151
941,137,151
942,162,148
943,150,164
944,176,175
945,163,179
946,191,175
947,178,193
948,177,193
949,207,206
950,192,210
951,225,224
952,209,228
953,208,228
954,245,244
955,227,247
956,226,247
957,246,266
958,2015,963
962,2016,963
959,2137,963
960,2138,970
969,2139,970
961,2018,970
962,963,973
972,2019,973
963,964,974
963,974,973
964,2140,975
964,975,974
965,2141,976
965,976,975
966,2142,976
967,2143,981
980,2144,981
968,2145,982
968,982,981
969,970,983
969,983,982
970,971,984
970,984,983
971,2020,984
972,973,988
987,2021,988
973,974,989
973,989,988
974,975,990
974,990,989
975,976,991
975,991,990
976,977,992
976,992,991
977,2146,993
977,993,992
978,2147,994
978,994,993
979,2148,995
979,995,994
980,981,996
980,996,995
981,982,997
981,997,996
982,983,998
982,998,997
983,984,999
983,999,998
985,2022,984
984,1000,999
986,2023,1002
1001,2024,1002
987,988,1003
987,1003,1002
988,989,1004
988,1004,1003
989,990,1005
989,1005,1004
990,991,1006
990,1006,1005
991,992,1007
991,1007,1006
992,993,1008
992,1008,1007
993,994,1009
993,1009,1008
994,995,1010
994,1010,1009
995,996,1011
995,1011,1010
996,997,1012
996,1012,1011
997,998,1013
997,1013,1012
998,999,1014
998,1014,1013
1000,2025,999
999,1015,1014
1001,1002,1017
1016,2026,1017
1002,1003,1018
1002,1018,1017
1003,1004,1019
1003,1019,1018
1004,1005,1020
1004,1020,1019
1005,1006,1021
1005,1021,1020
1006,1007,1022
1006,1022,1021
1007,1008,1023
1007,1023,1022
1008,1009,1024
1008,1024,1023
1009,1010,1025
1009,1025,1024
1010,1011,1026
1010,1026,1025
1011,1012,1027
1011,1027,1026
1012,1013,1028
1012,1028,1027
1013,1014,1029
1013,1029,1028
1015,2027,1014
1014,1030,1029
1016,1017,1032
1031,2028,1032
1017,1018,1033
1017,1033,1032
1018,1019,1034
1018,1034,1033
1019,1020,1035
1019,1035,1034
1020,1021,1036
1020,1036,1035
1021,1022,1037
1021,1037,1036
1022,1023,1038
1022,1038,1037
1023,1024,1039
1023,1039,1038
1024,1025,1040
1024,1040,1039
1025,1026,1041
1025,1041,1040
1026,1027,1042
1026,1042,1041
1027,1028,1043
1027,1043,1042
1028,1029,1044
1028,1044,1043
1029,1030,1045
1029,1045,1044
1030,2029,1045
1031,1032,1048
1047,2030,1048
1032,1033,1049
1032,1049,1048
1033,1034,1050
1033,1050,1049
1034,1035,1051
1034,1051,1050
1035,1036,1052
1035,1052,1051
1036,1037,1053
1036,1053,1052
1037,1038,1054
1037,1054,1053
1038,1039,1055
1038,1055,1054
1039,1040,1056
1039,1056,1055
1040,1041,1057
1040,1057,1056
1041,1042,1058
1041,1058,1057
1042,1043,1059
1042,1059,1058
1043,1044,1060
1043,1060,1059
1044,1045,1061
1044,1061,1060
1046,2031,1045
1045,1062,1061
1047,1048,1064
1063,2032,1064
1048,1049,1065
1048,1065,1064
1049,1050,1066
1049,1066,1065
1050,1051,1067
1050,1067,1066
1051,1052,1068
1051,1068,1067
1052,1053,1069
1052,1069,1068
1053,1054,1070
1053,1070,1069
1054,1055,1071
1054,1071,1070
1055,1056,1072
1055,1072,1071
1056,1057,1073
1056,1073,1072
1057,1058,1074
1057,1074,1073
1058,1059,1075
1058,1075,1074
1059,1060,1076
1059,1076,1075
1060,1061,1077
1060,1077,1076
1062,2033,1061
1061,1078,1077
1063,1064,1081
1063,1081,1080
1064,1065,1082
1064,1082,1081
1065,1066,1083
1065,1083,1082
1066,1067,1084
1066,1084,1083
1067,1068,1085
1067,1085,1084
1068,1069,1086
1068,1086,1085
1069,1070,1087
1069,1087,1086
1070,1071,1088
1070,1088,1087
1071,1072,1089
1071,1089,1088
1072,1073,1090
1072,1090,1089
1073,1074,1091
1073,1091,1090
1074,1075,1092
1074,1092,1091
1075,1076,1093
1075,1093,1092
1076,1077,1094
1076,1094,1093
1078,2034,1077
1077,1095,1094
1079,2035,1080
1096,2036,1080
1080,1081,1098
1080,1098,1097
1081,1082,1099
1081,1099,1098
1082,1083,1100
1082,1100,1099
1083,1084,1101
1083,1101,1100
1084,1085,1102
1084,1102,1101
1085,1086,1103
1085,1103,1102
1086,1087,1104
1086,1104,1103
1087,1088,1105
1087,1105,1104
1088,1089,1106
1088,1106,1105
1089,1090,1107
1089,1107,1106
1090,1091,1108
1090,1108,1107
1091,1092,1109
1091,1109,1108
1092,1093,1110
1092,1110,1109
1093,1094,1111
1093,1111,1110
1094,1095,1112
1094,1112,1111
1095,2037,1112
1096,1080,1097
1114,2038,1097
1097,1098,1116
1097,1116,1115
1098,1099,1117
1098,1117,1116
1099,1100,1118
1099,1118,1117
1100,1101,1119
1100,1119,1118
1101,1102,1120
1101,1120,1119
1102,1103,1121
1102,1121,1120
1103,1104,1122
1103,1122,1121
1104,1105,1123
1104,1123,1122
1105,1106,1124
1105,1124,1123
1106,1107,1125
1106,1125,1124
1107,1108,1126
1107,1126,1125
1108,1109,1127
1108,1127,1126
1109,1110,1128
1109,1128,1127
1110,1111,1129
1110,1129,1128
1111,1112,1130
1111,1130,1129
1113,2039,1112
1112,1131,1130
1114,1097,1115
1133,2040,1115
1115,1116,1135
1115,1135,1134
1116,1117,1136
1116,1136,1135
1117,1118,1137
1117,1137,1136
1118,1119,1138
1118,1138,1137
1119,1120,1139
1119,1139,1138
1120,1121,1140
1120,1140,1139
1121,1122,1141
1121,1141,1140
1122,1123,1142
1122,1142,1141
1123,1124,1143
1123,1143,1142
1124,1125,1144
1124,1144,1143
1125,1126,1145
1125,1145,1144
1126,1127,1146
1126,1146,1145
1127,1128,1147
1127,1147,1146
1128,1129,1148
1128,1148,1147
1129,1130,1149
1129,1149,1148
1130,1131,1150
1130,1150,1149
1131,2041,1150
1132,2042,1153
1152,2043,1153
1133,1115,1134
1133,1134,1153
1134,1135,1155
1134,1155,1154
1135,1136,1156
1135,1156,1155
1136,1137,1157
1136,1157,1156
1137,1138,1158
1137,1158,1157
1138,1139,1159
1138,1159,1158
1139,1140,1160
1139,1160,1159
1140,1141,1161
1140,1161,1160
1141,1142,1162
1141,1162,1161
1142,1143,1163
1142,1163,1162
1143,1144,1164
1143,1164,1163
1144,1145,1165
1144,1165,1164
1145,1146,1166
1145,1166,1165
1146,1147,1167
1146,1167,1166
1147,1148,1168
1147,1168,1167
1148,1149,1169
1148,1169,1168
1149,1150,1170
1149,1170,1169
1150,1151,1171
1150,1171,1170
1151,2044,1172
1151,1172,1171
1152,1153,1173
1152,1173,1172
1153,1134,1154
1153,1154,1173
1154,1155,1175
1154,1175,1174
1155,1156,1176
1155,1176,1175
1156,1157,1177
1156,1177,1176
1157,1158,1178
1157,1178,1177
1158,1159,1179
1158,1179,1178
1159,1160,1180
1159,1180,1179
1160,1161,1181
1160,1181,1180
1161,1162,1182
1161,1182,1181
1162,1163,1183
1162,1183,1182
1163,1164,1184
1163,1184,1183
1164,1165,1185
1164,1185,1184
1165,1166,1186
1165,1186,1185
1166,1167,1187
1166,1187,1186
1167,1168,1188
1167,1188,1187
1168,1169,1189
1168,1189,1188
1169,1170,1190
1169,1190,1189
1170,1171,1191
1170,1191,1190
1171,1172,1192
1171,1192,1191
1172,1173,1193
1172,1193,1192
1173,1154,1174
1173,1174,1193
1174,1175,1195
1174,1195,1194
1175,1176,1196
1175,1196,1195
1176,1177,1197
1176,1197,1196
1177,1178,1198
1177,1198,1197
1178,1179,1199
1178,1199,1198
1179,1180,1200
1179,1200,1199
1180,1181,1201
1180,1201,1200
1181,1182,1202
1181,1202,1201
1182,1183,1203
1182,1203,1202
1183,1184,1204
1183,1204,1203
1184,1185,1205
1184,1205,1204
1185,1186,1206
1185,1206,1205
1186,1187,1207
1186,1207,1206
1187,1188,1208
1187,1208,1207
1188,1189,1209
1188,1209,1208
1189,1190,1210
1189,1210,1209
1190,1191,1211
1190,1211,1210
1191,1192,1212
1191,1212,1211
1192,1193,1213
1192,1213,1212
1193,1174,1194
1193,1194,1213
1194,1195,1215
1194,1215,1214
1195,1196,1216
1195,1216,1215
1196,1197,1217
1196,1217,1216
1197,1198,1218
1197,1218,1217
1198,1199,1219
1198,1219,1218
1199,1200,1220
1199,1220,1219
1200,1201,1221
1200,1221,1220
1201,1202,1222
1201,1222,1221
1202,1203,1223
1202,1223,1222
1203,1204,1224
1203,1224,1223
1204,1205,1225
1204,1225,1224
1205,1206,1226
1205,1226,1225
1206,1207,1227
1206,1227,1226
1207,1208,1228
1207,1228,1227
1208,1209,1229
1208,1229,1228
1209,1210,1230
1209,1230,1229
1210,1211,1231
1210,1231,1230
1211,1212,1232
1211,1232,1231
1212,1213,1233
1212,1233,1232
1213,1194,1214
1213,1214,1233
1214,1215,1235
1214,1235,1234
1215,1216,1236
1215,1236,1235
1216,1217,1237
1216,1237,1236
1217,1218,1238
1217,1238,1237
1218,1219,1239
1218,1239,1238
1219,1220,1240
1219,1240,1239
1220,1221,1241
1220,1241,1240
1221,1222,1242
1221,1242,1241
1222,1223,1243
1222,1243,1242
1223,1224,1244
1223,1244,1243
1224,1225,1245
1224,1245,1244
1225,1226,1246
1225,1246,1245
1226,1227,1247
1226,1247,1246
1227,1228,1248
1227,1248,1247
1228,1229,1249
1228,1249,1248
1229,1230,1250
1229,1250,1249
1230,1231,1251
1230,1251,1250
1231,1232,1252
1231,1252,1251
1232,1233,1253
1232,1253,1252
1233,1214,1234
1233,1234,1253
1234,1235,1255
1234,1255,1254
1235,1236,1256
1235,1256,1255
1236,1237,1257
1236,1257,1256
1237,1238,1258
1237,1258,1257
1238,1239,1259
1238,1259,1258
1239,1240,1260
1239,1260,1259
1240,1241,1261
1240,1261,1260
1241,1242,1262
1241,1262,1261
1242,1243,1263
1242,1263,1262
1243,1244,1264
1243,1264,1263
1244,1245,1265
1244,1265,1264
1245,1246,1266
1245,1266,1265
1246,1247,1267
1246,1267,1266
1247,1248,1268
1247,1268,1267
1248,1249,1269
1248,1269,1268
1249,1250,1270
1249,1270,1269
1250,1251,1271
1250,1271,1270
1251,1252,1272
1251,1272,1271
1252,1253,1273
1252,1273,1272
1253,1234,1254
1253,1254,1273
1254,1255,1275
1254,1275,1274
1255,1256,1276
1255,1276,1275
1256,1257,1277
1256,1277,1276
1257,1258,1278
1257,1278,1277
1258,1259,1279
1258,1279,1278
1259,1260,1280
1259,1280,1279
1260,1261,1281
1260,1281,1280
1261,1262,1282
1261,1282,1281
1262,1263,1283
1262,1283,1282
1263,1264,1284
1263,1284,1283
1264,1265,1285
1264,1285,1284
1265,1266,1286
1265,1286,1285
1266,1267,1287
1266,1287,1286
1267,1268,1288
1267,1288,1287
1268,1269,1289
1268,1289,1288
1269,1270,1290
1269,1290,1289
1270,1271,1291
1270,1291,1290
1271,1272,1292
1271,1292,1291
1272,1273,1293
1272,1293,1292
1273,1254,1274
1273,1274,1293
1274,1275,1295
1274,1295,1294
1275,1276,1296
1275,1296,1295
1276,1277,1297
1276,1297,1296
1277,1278,1298
1277,1298,1297
1278,1279,1299
1278,1299,1298
1279,1280,1300
1279,1300,1299
1280,1281,1301
1280,1301,1300
1281,1282,1302
1281,1302,1301
1282,1283,1303
1282,1303,1302
1283,1284,1304
1283,1304,1303
1284,1285,1305
1284,1305,1304
1285,1286,1306
1285,1306,1305
1286,1287,1307
1286,1307,1306
1287,1288,1308
1287,1308,1307
1288,1289,1309
1288,1309,1308
1289,1290,1310
1289,1310,1309
1290,1291,1311
1290,1311,1310
1291,1292,1312
1291,1312,1311
1292,1293,1313
1292,1313,1312
1293,1274,1294
1293,1294,1313
1294,1295,1315
1294,1315,1314
1295,1296,1316
1295,1316,1315
1296,1297,1317
1296,1317,1316
1297,1298,1318
1297,1318,1317
1298,1299,1319
1298,1319,1318
1299,1300,1320
1299,1320,1319
1300,1301,1321
1300,1321,1320
1301,1302,1322
1301,1322,1321
1302,1303,1323
1302,1323,1322
1303,1304,1324
1303,1324,1323
1304,1305,1325
1304,1325,1324
1305,1306,1326
1305,1326,1325
1306,1307,1327
1306,1327,1326
1307,1308,1328
1307,1328,1327
1308,1309,1329
1308,1329,1328
1309,1310,1330
1309,1330,1329
1310,1311,1331
1310,1331,1330
1311,1312,1332
1311,1332,1331
1312,1313,1333
1312,1333,1332
1313,1294,1314
1313,1314,1333
1314,1315,1335
1314,1335,1334
1315,1316,1336
1315,1336,1335
1316,1317,1337
1316,1337,1336
1317,1318,1338
1317,1338,1337
1318,1319,1339
1318,1339,1338
1319,1320,1340
1319,1340,1339
1320,1321,1341
1320,1341,1340
1321,1322,1342
1321,1342,1341
1322,1323,1343
1322,1343,1342
1323,1324,1344
1323,1344,1343
1324,1325,1345
1324,1345,1344
1325,1326,1346
1325,1346,1345
1326,1327,1347
1326,1347,1346
1327,1328,1348
1327,1348,1347
1328,1329,1349
1328,1349,1348
1329,1330,1350
1329,1350,1349
1330,1331,1351
1330,1351,1350
1331,1332,1352
1331,1352,1351
1332,1333,1353
1332,1353,1352
1333,1314,1334
1333,1334,1353
1334,1335,1355
1334,1355,1354
1335,1336,1356
1335,1356,1355
1336,1337,1357
1336,1357,1356
1337,1338,1358
1337,1358,1357
1338,1339,1359
1338,1359,1358
1339,1340,1360
1339,1360,1359
1340,1341,1361
1340,1361,1360
1341,1342,1362
1341,1362,1361
1342,1343,1363
1342,1363,1362
1343,1344,1364
1343,1364,1363
1344,1345,1365
1344,1365,1364
1345,1346,1366
1345,1366,1365
1346,1347,1367
1346,1367,1366
1347,1348,1368
1347,1368,1367
1348,1349,1369
1348,1369,1368
1349,1350,1370
1349,1370,1369
1350,1351,1371
1350,1371,1370
1351,1352,1372
1351,1372,1371
1352,1353,1373
1352,1373,1372
1353,1334,1354
1353,1354,1373
1354,1355,1375
1354,1375,1374
1355,1356,1376
1355,1376,1375
1356,1357,1377
1356,1377,1376
1357,1358,1378
1357,1378,1377
1358,1359,1379
1358,1379,1378
1359,1360,1380
1359,1380,1379
1360,1361,1381
1360,1381,1380
1361,1362,1382
1361,1382,1381
1362,1363,1383
1362,1383,1382
1363,1364,1384
1363,1384,1383
1364,1365,1385
1364,1385,1384
1365,1366,1386
1365,1386,1385
1366,1367,1387
1366,1387,1386
1367,1368,1388
1367,1388,1387
1368,1369,1389
1368,1389,1388
1369,1370,1390
1369,1390,1389
1370,1371,1391
1370,1391,1390
1371,1372,1392
1371,1392,1391
1372,1373,1393
1372,1393,1392
1373,1354,1374
1373,1374,1393
1374,1375,1395
1374,1395,1394
1375,1376,1396
1375,1396,1395
1376,1377,1397
1376,1397,1396
1377,1378,1398
1377,1398,1397
1378,1379,1399
1378,1399,1398
1379,1380,1400
1379,1400,1399
1380,1381,1401
1380,1401,1400
1381,1382,1402
1381,1402,1401
1382,1383,1403
1382,1403,1402
1383,1384,1404
1383,1404,1403
1384,1385,1405
1384,1405,1404
1385,1386,1406
1385,1406,1405
1386,1387,1407
1386,1407,1406
1387,1388,1408
1387,1408,1407
1388,1389,1409
1388,1409,1408
1389,1390,1410
1389,1410,1409
1390,1391,1411
1390,1411,1410
1391,1392,1412
1391,1412,1411
1392,1393,1413
1392,1413,1412
1393,1374,1394
1393,1394,1413
1394,1395,1415
1394,1415,1414
1395,1396,1416
1395,1416,1415
1396,1397,1417
1396,1417,1416
1397,1398,1418
1397,1418,1417
1398,1399,1419
1398,1419,1418
1399,1400,1420
1399,1420,1419
1400,1401,1421
1400,1421,1420
1401,1402,1422
1401,1422,1421
1402,1403,1423
1402,1423,1422
1403,1404,1424
1403,1424,1423
1404,1405,1425
1404,1425,1424
1405,1406,1426
1405,1426,1425
1406,1407,1427
1406,1427,1426
1407,1408,1428
1407,1428,1427
1408,1409,1429
1408,1429,1428
1409,1410,1430
1409,1430,1429
1410,1411,1431
1410,1431,1430
1411,1412,1432
1411,1432,1431
1412,1413,1433
1412,1433,1432
1413,1394,1414
1413,1414,1433
1414,1415,1435
1414,1435,1434
1415,1416,1436
1415,1436,1435
1416,1417,1437
1416,1437,1436
1417,1418,1438
1417,1438,1437
1418,1419,1439
1418,1439,1438
1419,1420,1440
1419,1440,1439
1420,1421,1441
1420,1441,1440
1421,1422,1442
1421,1442,1441
1422,1423,1443
1422,1443,1442
1423,1424,1444
1423,1444,1443
1424,1425,1445
1424,1445,1444
1425,1426,1446
1425,1446,1445
1426,1427,1447
1426,1447,1446
1427,1428,1448
1427,1448,1447
1428,1429,1449
1428,1449,1448
1429,1430,1450
1429,1450,1449
1430,1431,1451
1430,1451,1450
1431,1432,1452
1431,1452,1451
1432,1433,1453
1432,1453,1452
1433,1414,1434
1433,1434,1453
1434,1435,1455
1434,1455,1454
1435,1436,1456
1435,1456,1455
1436,1437,1457
1436,1457,1456
1437,1438,1458
1437,1458,1457
1438,1439,1459
1438,1459,1458
1439,1440,1460
1439,1460,1459
1440,1441,1461
1440,1461,1460
1441,1442,1462
1441,1462,1461
1442,1443,1463
1442,1463,1462
1443,1444,1464
1443,1464,1463
1444,1445,1465
1444,1465,1464
1445,1446,1466
1445,1466,1465
1446,1447,1467
1446,1467,1466
1447,1448,1468
1447,1468,1467
1448,1449,1469
1448,1469,1468
1449,1450,1470
1449,1470,1469
1450,1451,1471
1450,1471,1470
1451,1452,1472
1451,1472,1471
1452,1453,1473
1452,1473,1472
1453,1434,1454
1453,1454,1473
1454,1455,1475
1454,1475,1474
1455,1456,1476
1455,1476,1475
1456,1457,1477
1456,1477,1476
1457,1458,1478
1457,1478,1477
1458,1459,1479
1458,1479,1478
1459,1460,1480
1459,1480,1479
1460,1461,1481
1460,1481,1480
1461,1462,1482
1461,1482,1481
1462,1463,1483
1462,1483,1482
1463,1464,1484
1463,1484,1483
1464,1465,1485
1464,1485,1484
1465,1466,1486
1465,1486,1485
1466,1467,1487
1466,1487,1486
1467,1468,1488
1467,1488,1487
1468,1469,1489
1468,1489,1488
1469,1470,1490
1469,1490,1489
1470,1471,1491
1470,1491,1490
1471,1472,1492
1471,1492,1491
1472,1473,1493
1472,1493,1492
1473,1454,1474
1473,1474,1493
1474,1475,1495
1474,1495,1494
1475,1476,1496
1475,1496,1495
1476,1477,1497
1476,1497,1496
1477,1478,1498
1477,1498,1497
1478,1479,1499
1478,1499,1498
1479,1480,1500
1479,1500,1499
1480,1481,1501
1480,1501,1500
1481,1482,1502
1481,1502,1501
1482,1483,1503
1482,1503,1502
1483,1484,1504
1483,1504,1503
1484,1485,1505
1484,1505,1504
1485,1486,1506
1485,1506,1505
1486,1487,1507
1486,1507,1506
1487,1488,1508
1487,1508,1507
1488,1489,1509
1488,1509,1508
1489,1490,1510
1489,1510,1509
1490,1491,1511
1490,1511,1510
1491,1492,1512
1491,1512,1511
1492,1493,1513
1492,1513,1512
1493,1474,1494
1493,1494,1513
1494,1495,1515
1494,1515,1514
1495,1496,1516
1495,1516,1515
1496,1497,1517
1496,1517,1516
1497,1498,1518
1497,1518,1517
1498,1499,1519
1498,1519,1518
1499,1500,1520
1499,1520,1519
1500,1501,1521
1500,1521,1520
1501,1502,1522
1501,1522,1521
1502,1503,1523
1502,1523,1522
1503,1504,1524
1503,1524,1523
1504,1505,1525
1504,1525,1524
1505,1506,1526
1505,1526,1525
1506,1507,1527
1506,1527,1526
1507,1508,1528
1507,1528,1527
1508,1509,1529
1508,1529,1528
1509,1510,1530
1509,1530,1529
1510,1511,1531
1510,1531,1530
1511,1512,1532
1511,1532,1531
1512,1513,1533
1512,1533,1532
1513,1494,1514
1513,1514,1533
1514,1515,1535
1514,1535,1534
1515,1516,1536
1515,1536,1535
1516,1517,1537
1516,1537,1536
1517,1518,1538
1517,1538,1537
1518,1519,1539
1518,1539,1538
1519,1520,1540
1519,1540,1539
1520,1521,1541
1520,1541,1540
1521,1522,1542
1521,1542,1541
1522,1523,1543
1522,1543,1542
1523,1524,1544
1523,1544,1543
1524,1525,1545
1524,1545,1544
1525,1526,1546
1525,1546,1545
1526,1527,1547
1526,1547,1546
1527,1528,1548
1527,1548,1547
1528,1529,1549
1528,1549,1548
1529,1530,1550
1529,1550,1549
1530,1531,1551
1530,1551,1550
1531,1532,1552
1531,1552,1551
1532,1533,1553
1532,1553,1552
1533,1514,1534
1533,1534,1553
1534,1535,1555
1534,1555,1554
1535,1536,1556
1535,1556,1555
1536,1537,1557
1536,1557,1556
1537,1538,1558
1537,1558,1557
1538,1539,1559
1538,1559,1558
1539,1540,1560
1539,1560,1559
1540,1541,1561
1540,1561,1560
1541,1542,1562
1541,1562,1561
1542,1543,1563
1542,1563,1562
1543,1544,1564
1543,1564,1563
1544,1545,1565
1544,1565,1564
1545,1546,1566
1545,1566,1565
1546,1547,1567
1546,1567,1566
1547,1548,1568
1547,1568,1567
1548,1549,1569
1548,1569,1568
1549,1550,1570
1549,1570,1569
1550,1551,1571
1550,1571,1570
1551,1552,1572
1551,1572,1571
1552,1553,1573
1552,1573,1572
1553,1534,1554
1553,1554,1573
1554,1555,1575
1554,1575,1574
1555,1556,1576
1555,1576,1575
1556,1557,1577
1556,1577,1576
1557,1558,1578
1557,1578,1577
1558,1559,1579
1558,1579,1578
1559,1560,1580
1559,1580,1579
1560,1561,1581
1560,1581,1580
1561,1562,1582
1561,1582,1581
1562,1563,1583
1562,1583,1582
1563,1564,1584
1563,1584,1583
1564,1565,1585
1564,1585,1584
1565,1566,1586
1565,1586,1585
1566,1567,1587
1566,1587,1586
1567,1568,1588
1567,1588,1587
1568,1569,1589
1568,1589,1588
1569,1570,1590
1569,1590,1589
1570,1571,1591
1570,1591,1590
1571,1572,1592
1571,1592,1591
1572,1573,1593
1572,1593,1592
1573,1554,1574
1573,1574,1593
1574,1575,1595
1574,1595,1594
1575,1576,1596
1575,1596,1595
1576,1577,1597
1576,1597,1596
1577,1578,1598
1577,1598,1597
1578,1579,1599
1578,1599,1598
1579,1580,1600
1579,1600,1599
1580,1581,1601
1580,1601,1600
1581,1582,1602
1581,1602,1601
1582,1583,1603
1582,1603,1602
1583,1584,1604
1583,1604,1603
1584,1585,1605
1584,1605,1604
1585,1586,1606
1585,1606,1605
1586,1587,1607
1586,1607,1606
1587,1588,1608
1587,1608,1607
1588,1589,1609
1588,1609,1608
1589,1590,1610
1589,1610,1609
1590,1591,1611
1590,1611,1610
1591,1592,1612
1591,1612,1611
1592,1593,1613
1592,1613,1612
1593,1574,1594
1593,1594,1613
1594,1595,1615
1594,1615,1614
1595,1596,1616
1595,1616,1615
1596,1597,1617
1596,1617,1616
1597,1598,1618
1597,1618,1617
1598,1599,1619
1598,1619,1618
1599,1600,1620
1599,1620,1619
1600,1601,1621
1600,1621,1620
1601,1602,1622
1601,1622,1621
1602,1603,1623
1602,1623,1622
1603,1604,1624
1603,1624,1623
1604,1605,1625
1604,1625,1624
1605,1606,1626
1605,1626,1625
1606,1607,1627
1606,1627,1626
1607,1608,1628
1607,1628,1627
1608,1609,1629
1608,1629,1628
1609,1610,1630
1609,1630,1629
1610,1611,1631
1610,1631,1630
1611,1612,1632
1611,1632,1631
1612,1613,1633
1612,1633,1632
1613,1594,1614
1613,1614,1633
1614,1615,1635
1614,1635,1634
1615,1616,1636
1615,1636,1635
1616,1617,1637
1616,1637,1636
1617,1618,1638
1617,1638,1637
1618,1619,1639
1618,1639,1638
1619,1620,1640
1619,1640,1639
1620,1621,1641
1620,1641,1640
1621,1622,1642
1621,1642,1641
1622,1623,1643
1622,1643,1642
1623,1624,1644
1623,1644,1643
1624,1625,1645
1624,1645,1644
1625,1626,1646
1625,1646,1645
1626,1627,1647
1626,1647,1646
1627,1628,1648
1627,1648,1647
1628,1629,1649
1628,1649,1648
1629,1630,1650
1629,1650,1649
1630,1631,1651
1630,1651,1650
1631,1632,1652
1631,1652,1651
1632,1633,1653
1632,1653,1652
1633,1614,1634
1633,1634,1653
1634,1635,1655
1634,1655,1654
1635,1636,1656
1635,1656,1655
1636,1637,1657
1636,1657,1656
1637,1638,1658
1637,1658,1657
1638,1639,1659
1638,1659,1658
1639,1640,1660
1639,1660,1659
1640,1641,1661
1640,1661,1660
1641,1642,1662
1641,1662,1661
1642,1643,1663
1642,1663,1662
1643,1644,1664
1643,1664,1663
1644,1645,1665
1644,1665,1664
1645,1646,1666
1645,1666,1665
1646,1647,1667
1646,1667,1666
1647,1648,1668
1647,1668,1667
1648,1649,1669
1648,1669,1668
1649,1650,1670
1649,1670,1669
1650,1651,1671
1650,1671,1670
1651,1652,1672
1651,1672,1671
1652,1653,1673
1652,1673,1672
1653,1634,1654
1653,1654,1673
1654,1655,1675
1654,1675,1674
1655,1656,1676
1655,1676,1675
1656,1657,1677
1656,1677,1676
1657,1658,1678
1657,1678,1677
1658,1659,1679
1658,1679,1678
1659,1660,1680
1659,1680,1679
1660,1661,1681
1660,1681,1680
1661,1662,1682
1661,1682,1681
1662,1663,1683
1662,1683,1682
1663,1664,1684
1663,1684,1683
1664,1665,1685
1664,1685,1684
1665,1666,1686
1665,1686,1685
1666,1667,1687
1666,1687,1686
1667,1668,1688
1667,1688,1687
1668,1669,1689
1668,1689,1688
1669,1670,1690
1669,1690,1689
1670,1671,1691
1670,1691,1690
1671,1672,1692
1671,1692,1691
1672,1673,1693
1672,1693,1692
1673,1654,1674
1673,1674,1693
1674,1675,1695
1674,1695,1694
1675,1676,1696
1675,1696,1695
1676,1677,1697
1676,1697,1696
1677,1678,1698
1677,1698,1697
1678,1679,1699
1678,1699,1698
1679,1680,1700
1679,1700,1699
1680,1681,1701
1680,1701,1700
1681,1682,1702
1681,1702,1701
1682,1683,1703
1682,1703,1702
1683,1684,1704
1683,1704,1703
1684,1685,1705
1684,1705,1704
1685,1686,1706
1685,1706,1705
1686,1687,1707
1686,1707,1706
1687,1688,1708
1687,1708,1707
1688,1689,1709
1688,1709,1708
1689,1690,1710
1689,1710,1709
1690,1691,1711
1690,1711,1710
1691,1692,1712
1691,1712,1711
1692,1693,1713
1692,1713,1712
1693,1674,1694
1693,1694,1713
1694,1695,1715
1694,1715,1714
1695,1696,1716
1695,1716,1715
1696,1697,1717
1696,1717,1716
1697,1698,1718
1697,1718,1717
1698,1699,1719
1698,1719,1718
1699,1700,1720
1699,1720,1719
1700,1701,1721
1700,1721,1720
1701,1702,1722
1701,1722,1721
1702,1703,1723
1702,1723,1722
1703,1704,1724
1703,1724,1723
1704,1705,1725
1704,1725,1724
1705,1706,1726
1705,1726,1725
1706,1707,1727
1706,1727,1726
1707,1708,1728
1707,1728,1727
1708,1709,1729
1708,1729,1728
1709,1710,1730
1709,1730,1729
1710,1711,1731
1710,1731,1730
1711,1712,1732
1711,1732,1731
1712,1713,1733
1712,1733,1732
1713,1694,1714
1713,1714,1733
1714,1715,1735
1714,1735,1734
1715,1716,1736
1715,1736,1735
1716,1717,1737
1716,1737,1736
1717,1718,1738
1717,1738,1737
1718,1719,1739
1718,1739,1738
1719,1720,1740
1719,1740,1739
1720,1721,1741
1720,1741,1740
1721,1722,1742
1721,1742,1741
1722,1723,1743
1722,1743,1742
1723,1724,1744
1723,1744,1743
1724,1725,1745
1724,1745,1744
1725,1726,1746
1725,1746,1745
1726,1727,1747
1726,1747,1746
1727,1728,1748
1727,1748,1747
1728,1729,1749
1728,1749,1748
1729,1730,1750
1729,1750,1749
1730,1731,1751
1730,1751,1750
1731,1732,1752
1731,1752,1751
1732,1733,1753
1732,1753,1752
1733,1714,1734
1733,1734,1753
1734,1735,1755
1734,1755,1754
1735,1736,1756
1735,1756,1755
1736,1737,1757
1736,1757,1756
1737,1738,1758
1737,1758,1757
1738,1739,1759
1738,1759,1758
1739,1740,1760
1739,1760,1759
1740,1741,1761
1740,1761,1760
1741,1742,1762
1741,1762,1761
1742,1743,1763
1742,1763,1762
1743,1744,1764
1743,1764,1763
1744,1745,1765
1744,1765,1764
1745,1746,1766
1745,1766,1765
1746,1747,1767
1746,1767,1766
1747,1748,1768
1747,1768,1767
1748,1749,1769
1748,1769,1768
1749,1750,1770
1749,1770,1769
1750,1751,1771
1750,1771,1770
1751,1752,1772
1751,1772,1771
1752,1753,1773
1752,1773,1772
1753,1734,1754
1753,1754,1773
1754,1755,1775
1754,1775,1774
1755,1756,1776
1755,1776,1775
1756,1757,1777
1756,1777,1776
1757,1758,1778
1757,1778,1777
1758,1759,1779
1758,1779,1778
1759,1760,1780
1759,1780,1779
1760,1761,1781
1760,1781,1780
1761,1762,1782
1761,1782,1781
1762,1763,1783
1762,1783,1782
1763,1764,1784
1763,1784,1783
1764,1765,1785
1764,1785,1784
1765,1766,1786
1765,1786,1785
1766,1767,1787
1766,1787,1786
1767,1768,1788
1767,1788,1787
1768,1769,1789
1768,1789,1788
1769,1770,1790
1769,1790,1789
1770,1771,1791
1770,1791,1790
1771,1772,1792
1771,1792,1791
1772,1773,1793
1772,1793,1792
1773,1754,1774
1773,1774,1793
1774,1775,1795
1774,1795,1794
1775,1776,1796
1775,1796,1795
1776,1777,1797
1776,1797,1796
1777,1778,1798
1777,1798,1797
1778,1779,1799
1778,1799,1798
1779,1780,1800
1779,1800,1799
1780,1781,1801
1780,1801,1800
1781,1782,1802
1781,1802,1801
1782,1783,1803
1782,1803,1802
1783,1784,1804
1783,1804,1803
1784,1785,1805
1784,1805,1804
1785,1786,1806
1785,1806,1805
1786,1787,1807
1786,1807,1806
1787,1788,1808
1787,1808,1807
1788,1789,1809
1788,1809,1808
1789,1790,1810
1789,1810,1809
1790,1791,1811
1790,1811,1810
1791,1792,1812
1791,1812,1811
1792,1793,1813
1792,1813,1812
1793,1774,1794
1793,1794,1813
1794,1795,1815
1794,1815,1814
1795,1796,1816
1795,1816,1815
1796,1797,1817
1796,1817,1816
1797,1798,1818
1797,1818,1817
1798,1799,1819
1798,1819,1818
1799,1800,1820
1799,1820,1819
1800,1801,1821
1800,1821,1820
1801,1802,1822
1801,1822,1821
1802,1803,1823
1802,1823,1822
1803,1804,1824
1803,1824,1823
1804,1805,1825
1804,1825,1824
1805,1806,1826
1805,1826,1825
1806,1807,1827
1806,1827,1826
1807,1808,1828
1807,1828,1827
1808,1809,1829
1808,1829,1828
1809,1810,1830
1809,1830,1829
1810,1811,1831
1810,1831,1830
1811,1812,1832
1811,1832,1831
1812,1813,1833
1812,1833,1832
1813,1794,1814
1813,1814,1833
1814,1815,1835
1814,1835,1834
1815,1816,1836
1815,1836,1835
1816,1817,1837
1816,1837,1836
1817,1818,1838
1817,1838,1837
1818,1819,1839
1818,1839,1838
1819,1820,1840
1819,1840,1839
1820,1821,1841
1820,1841,1840
1821,1822,1842
1821,1842,1841
1822,1823,1843
1822,1843,1842
1823,1824,1844
1823,1844,1843
1824,1825,1845
1824,1845,1844
1825,1826,1846
1825,1846,1845
1826,1827,1847
1826,1847,1846
1827,1828,1848
1827,1848,1847
1828,1829,1849
1828,1849,1848
1829,1830,1850
1829,1850,1849
1830,1831,1851
1830,1851,1850
1831,1832,1852
1831,1852,1851
1832,1833,1853
1832,1853,1852
1833,1814,1834
1833,1834,1853
1834,1835,1855
1834,1855,1854
1835,1836,1856
1835,1856,1855
1836,1837,1857
1836,1857,1856
1837,1838,1858
1837,1858,1857
1838,1839,1859
1838,1859,1858
1839,1840,1860
1839,1860,1859
1840,1841,1861
1840,1861,1860
1841,1842,1862
1841,1862,1861
1842,1843,1863
1842,1863,1862
1843,1844,1864
1843,1864,1863
1844,1845,1865
1844,1865,1864
1845,1846,1866
1845,1866,1865
1846,1847,1867
1846,1867,1866
1847,1848,1868
1847,1868,1867
1848,1849,1869
1848,1869,1868
1849,1850,1870
1849,1870,1869
1850,1851,1871
1850,1871,1870
1851,1852,1872
1851,1872,1871
1852,1853,1873
1852,1873,1872
1853,1834,1854
1853,1854,1873
1854,1855,1875
1854,1875,1874
1855,1856,1876
1855,1876,1875
1856,1857,1877
1856,1877,1876
1857,1858,1878
1857,1878,1877
1858,1859,1879
1858,1879,1878
1859,1860,1880
1859,1880,1879
1860,1861,1881
1860,1881,1880
1861,1862,1882
1861,1882,1881
1862,1863,1883
1862,1883,1882
1863,1864,1884
1863,1884,1883
1864,1865,1885
1864,1885,1884
1865,1866,1886
1865,1886,1885
1866,1867,1887
1866,1887,1886
1867,1868,1888
1867,1888,1887
1868,1869,1889
1868,1889,1888
1869,1870,1890
1869,1890,1889
1870,1871,1891
1870,1891,1890
1871,1872,1892
1871,1892,1891
1872,1873,1893
1872,1893,1892
1873,1854,1874
1873,1874,1893
1874,1875,1895
1874,1895,1894
1875,1876,1896
1875,1896,1895
1876,1877,1897
1876,1897,1896
1877,1878,1898
1877,1898,1897
1878,1879,1899
1878,1899,1898
1879,1880,1900
1879,1900,1899
1880,1881,1901
1880,1901,1900
1881,1882,1902
1881,1902,1901
1882,1883,1903
1882,1903,1902
1883,1884,1904
1883,1904,1903
1884,1885,1905
1884,1905,1904
1885,1886,1906
1885,1906,1905
1886,1887,1907
1886,1907,1906
1887,1888,1908
1887,1908,1907
1888,1889,1909
1888,1909,1908
1889,1890,1910
1889,1910,1909
1890,1891,1911
1890,1911,1910
1891,1892,1912
1891,1912,1911
1892,1893,1913
1892,1913,1912
1893,1874,1894
1893,1894,1913
1894,1895,1915
1894,1915,1914
1895,1896,1916
1895,1916,1915
1896,1897,1917
1896,1917,1916
1897,1898,1918
1897,1918,1917
1898,1899,1919
1898,1919,1918
1899,1900,1920
1899,1920,1919
1900,1901,1921
1900,1921,1920
1901,1902,1922
1901,1922,1921
1902,1903,1923
1902,1923,1922
1903,1904,1924
1903,1924,1923
1904,1905,1925
1904,1925,1924
1905,1906,1926
1905,1926,1925
1906,1907,1927
1906,1927,1926
1907,1908,1928
1907,1928,1927
1908,1909,1929
1908,1929,1928
1909,1910,1930
1909,1930,1929
1910,1911,1931
1910,1931,1930
1911,1912,1932
1911,1932,1931
1912,1913,1933
1912,1933,1932
1913,1894,1914
1913,1914,1933
1914,1915,1935
1914,1935,1934
1915,1916,1936
1915,1936,1935
1916,1917,1937
1916,1937,1936
1917,1918,1938
1917,1938,1937
1918,1919,1939
1918,1939,1938
1919,1920,1940
1919,1940,1939
1920,1921,1941
1920,1941,1940
1921,1922,1942
1921,1942,1941
1922,1923,1943
1922,1943,1942
1923,1924,1944
1923,1944,1943
1924,1925,1945
1924,1945,1944
1925,1926,1946
1925,1946,1945
1926,1927,1947
1926,1947,1946
1927,1928,1948
1927,1948,1947
1928,1929,1949
1928,1949,1948
1929,1930,1950
1929,1950,1949
1930,1931,1951
1930,1951,1950
1931,1932,1952
1931,1952,1951
1932,1933,1953
1932,1953,1952
1933,1914,1934
1933,1934,1953
1934,1935,1955
1934,1955,1954
1935,1936,1956
1935,1956,1955
1936,1937,1957
1936,1957,1956
1937,1938,1958
1937,1958,1957
1938,1939,1959
1938,1959,1958
1939,1940,1960
1939,1960,1959
1940,1941,1961
1940,1961,1960
1941,1942,1962
1941,1962,1961
1942,1943,1963
1942,1963,1962
1943,1944,1964
1943,1964,1963
1944,1945,1965
1944,1965,1964
1945,1946,1966
1945,1966,1965
1946,1947,1967
1946,1967,1966
1947,1948,1968
1947,1968,1967
1948,1949,1969
1948,1969,1968
1949,1950,1970
1949,1970,1969
1950,1951,1971
1950,1971,1970
1951,1952,1972
1951,1972,1971
1952,1953,1973
1952,1973,1972
1953,1934,1954
1953,1954,1973
1954,1955,1975
1954,1975,1974
1955,1956,1976
1955,1976,1975
1956,1957,1977
1956,1977,1976
1957,1958,1978
1957,1978,1977
1958,1959,1979
1958,1979,1978
1959,1960,1980
1959,1980,1979
1960,1961,1981
1960,1981,1980
1961,1962,1982
1961,1982,1981
1962,1963,1983
1962,1983,1982
1963,1964,1984
1963,1984,1983
1964,1965,1985
1964,1985,1984
1965,1966,1986
1965,1986,1985
1966,1967,1987
1966,1987,1986
1967,1968,1988
1967,1988,1987
1968,1969,1989
1968,1989,1988
1969,1970,1990
1969,1990,1989
1970,1971,1991
1970,1991,1990
1971,1972,1992
1971,1992,1991
1972,1973,1993
1972,1993,1992
1973,1954,1974
1973,1974,1993
1974,1975,1995
1974,1995,1994
1975,1976,1996
1975,1996,1995
1976,1977,1997
1976,1997,1996
1977,1978,1998
1977,1998,1997
1978,1979,1999
1978,1999,1998
1979,1980,2000
1979,2000,1999
1980,1981,2001
1980,2001,2000
1981,1982,2002
1981,2002,2001
1982,1983,2003
1982,2003,2002
1983,1984,2004
1983,2004,2003
1984,1985,2005
1984,2005,2004
1985,1986,2006
1985,2006,2005
1986,1987,2007
1986,2007,2006
1987,1988,2008
1987,2008,2007
1988,1989,2009
1988,2009,2008
1989,1990,2010
1989,2010,2009
1990,1991,2011
1990,2011,2010
1991,1992,2012
1991,2012,2011
1992,1993,2013
1992,2013,2012
1993,1974,1994
1993,1994,2013
1994,1995,2014
1995,1996,2014
1996,1997,2014
1997,1998,2014
1998,1999,2014
1999,2000,2014
2000,2001,2014
2001,2002,2014
2002,2003,2014
2003,2004,2014
2004,2005,2014
2005,2006,2014
2006,2007,2014
2007,2008,2014
2008,2009,2014
2009,2010,2014
2010,2011,2014
2011,2012,2014
2012,2013,2014
2013,1994,2014
2015,959,963
2016,958,963
2017,2149,970
2018,971,970
2019,962,973
2020,985,984
2021,972,988
2022,1000,984
2023,987,1002
2024,986,1002
2025,1015,999
2026,1001,1017
2027,1030,1014
2028,1016,1032
2029,1046,1045
2030,1031,1048
2031,1062,1045
2032,1047,1064
2033,1078,1061
2034,1095,1077
2035,1063,1080
2036,1079,1080
2037,1113,1112
2038,1096,1097
2039,1131,1112
2040,1114,1115
2041,1151,1150
2042,1133,1153
2043,1132,1153
2044,1152,1172
246,957,2090
2090,2091,1151
2091,957,245
957,2091,2090
1151,2091,2044
2091,245,2092
2092,1152,2044
2044,2091,2092
245,954,2092
2092,2093,1152
2093,954,225
954,2093,2092
225,951,2093
2093,2094,1152
2094,951,207
951,2094,2093
1152,2094,2043
2094,207,2095
2095,1132,2043
2043,2094,2095
207,949,2095
2095,2096,1132
2096,949,191
949,2096,2095
1132,2096,2042
2096,191,2097
2097,1133,2042
2042,2096,2097
191,946,2097
2097,2098,1133
2098,946,176
946,2098,2097
1133,2098,2040
2098,176,2099
2099,1114,2040
2040,2098,2099
176,944,2099
2099,2100,1114
2100,944,162
944,2100,2099
1114,2100,2038
2100,162,2101
2101,1096,2038
2038,2100,2101
162,942,2101
2101,2102,1096
2102,942,149
942,2102,2101
1096,2102,2036
2102,149,2103
2103,1079,2036
2036,2102,2103
149,939,2103
2103,2104,1079
2104,939,136
939,2104,2103
136,937,2104
2104,2105,1079
2105,937,124
937,2105,2104
1079,2105,2035
2105,124,2106
2106,1063,2035
2035,2105,2106
124,935,2106
2106,2107,1063
2107,935,113
935,2107,2106
1063,2107,2032
2107,113,2108
2108,1047,2032
2032,2107,2108
113,932,2108
2108,2109,1047
2109,932,102
932,2109,2108
1047,2109,2030
2109,102,2110
2110,1031,2030
2030,2109,2110
102,930,2110
2110,2111,1031
2111,930,92
930,2111,2110
1031,2111,2028
2111,92,2112
2112,1016,2028
2028,2111,2112
92,928,2112
2112,2113,1016
2113,928,82
928,2113,2112
1016,2113,2026
2113,82,2114
2114,1001,2026
2026,2113,2114
82,927,2114
2114,2115,1001
2115,927,73
927,2115,2114
73,925,2115
2115,2116,1001
2116,925,64
925,2116,2115
1001,2116,2024
2116,64,2117
2117,986,2024
2024,2116,2117
64,923,2117
2117,2118,986
2118,923,55
923,2118,2117
55,920,2118
2118,2119,986
2119,920,54
920,2119,2118
986,2119,2023
2119,54,2120
2120,987,2023
2023,2119,2120
54,918,2120
2120,2121,987
2121,918,47
918,2121,2120
47,916,2121
2121,2122,987
2122,916,40
916,2122,2121
987,2122,2021
2122,40,2123
2123,972,2021
2021,2122,2123
40,914,2123
2123,2124,972
2124,914,33
914,2124,2123
33,912,2124
2124,2125,972
2125,912,26
912,2125,2124
972,2125,2019
2125,26,2126
2126,962,2019
2019,2125,2126
26,909,2126
2126,2127,962
2127,909,19
909,2127,2126
962,2127,2016
2127,19,2128
2128,958,2016
2016,2127,2128
19,907,2128
2128,2129,958
2129,907,13
907,2129,2128
13,905,2129
2129,2130,958
2130,905,8
905,2130,2129
8,2150,2130
2130,2131,958
903,2151,2131
903,2131,2130
958,2131,2015
3,2152,2131
2132,2153,2015
2015,2131,2132
961,2154,2018
2046,971,2018
2045,2155,2018
2046,2047,971
900,2156,2047
2046,2157,2047
1,2158,2047
2047,2048,971
901,2159,2048
901,2048,2047
2,902,2048
2048,2049,971
2049,902,4
902,2049,2048
4,904,2049
2049,2050,971
2050,904,9
904,2050,2049
9,906,2050
2050,2051,971
2051,906,14
906,2051,2050
14,908,2051
2051,2052,971
2052,908,21
908,2052,2051
21,910,2052
2052,2053,971
2053,910,20
910,2053,2052
971,2053,2020
2053,20,2054
2054,985,2020
2020,2053,2054
20,911,2054
2054,2055,985
2055,911,27
911,2055,2054
27,913,2055
2055,2056,985
2056,913,34
913,2056,2055
985,2056,2022
2056,34,2057
2057,1000,2022
2022,2056,2057
34,915,2057
2057,2058,1000
2058,915,41
915,2058,2057
41,917,2058
2058,2059,1000
2059,917,48
917,2059,2058
48,919,2059
2059,2060,1000
2060,919,57
919,2060,2059
57,921,2060
2060,2061,1000
2061,921,56
921,2061,2060
1000,2061,2025
2061,56,2062
2062,1015,2025
2025,2061,2062
56,922,2062
2062,2063,1015
2063,922,65
922,2063,2062
1015,2063,2027
2063,65,2064
2064,1030,2027
2027,2063,2064
65,924,2064
2064,2065,1030
2065,924,74
924,2065,2064
74,926,2065
2065,2066,1030
2066,926,83
926,2066,2065
1030,2066,2029
2066,83,2067
2067,1046,2029
2029,2066,2067
83,929,2067
2067,2068,1046
2068,929,93
929,2068,2067
93,931,2068
2068,2069,1046
2069,931,104
931,2069,2068
104,933,2069
2069,2070,1046
2070,933,103
933,2070,2069
1046,2070,2031
2070,103,2071
2071,1062,2031
2031,2070,2071
103,934,2071
2071,2072,1062
2072,934,114
934,2072,2071
114,936,2072
2072,2073,1062
2073,936,125
936,2073,2072
1062,2073,2033
2073,125,2074
2074,1078,2033
2033,2073,2074
125,938,2074
2074,2075,1078
2075,938,138
938,2075,2074
138,940,2075
2075,2076,1078
2076,940,137
940,2076,2075
1078,2076,2034
2076,137,2077
2077,1095,2034
2034,2076,2077
137,941,2077
2077,2078,1095
2078,941,150
941,2078,2077
150,943,2078
2078,2079,1095
2079,943,163
943,2079,2078
163,945,2079
2079,2080,1095
2080,945,178
945,2080,2079
1095,2080,2037
2080,178,2081
2081,1113,2037
2037,2080,2081
178,947,2081
2081,2082,1113
2082,947,177
947,2082,2081
177,948,2082
2082,2083,1113
2083,948,192
948,2083,2082
192,950,2083
2083,2084,1113
2084,950,209
950,2084,2083
1113,2084,2039
2084,209,2085
2085,1131,2039
2039,2084,2085
209,952,2085
2085,2086,1131
2086,952,208
952,2086,2085
208,953,2086
2086,2087,1131
2087,953,227
953,2087,2086
1131,2087,2041
2087,227,2088
2088,1151,2041
2041,2087,2088
227,955,2088
2088,2089,1151
2089,955,226
955,2089,2088
226,956,2089
2089,2090,1151
2090,956,246
956,2090,2089
2133,6,11
2134,7,12
2135,8,905
2136,5,902
2137,964,963
2138,2017,970
2139,960,970
2140,965,975
2141,966,976
2142,977,976
2143,968,981
2144,967,981
2145,969,982
2146,978,993
2147,979,994
2148,980,995
2149,961,970
2150,903,2130
2151,3,2131
2152,2132,2131
2153,959,2015
2154,2045,2018
2155,2046,2018
2156,1,2047
2157,900,2047
2158,901,2047
2159,2,2048
2160,3119,2166
2165,3120,2166
2161,3121,2166
2162,3122,2170
2169,3123,2170
2163,3124,2171
2163,2171,2170
2164,3125,2171
2165,2166,2175
2174,3126,2175
2166,2167,2176
2166,2176,2175
2167,3127,2177
2167,2177,2176
2168,3128,2178
2168,2178,2177
2169,2170,2179
2169,2179,2178
2170,2171,2180
2170,2180,2179
2172,3129,2171
2171,2181,2180
2173,3130,2184
2183,3131,2184
2174,2175,2185
2174,2185,2184
2175,2176,2186
2175,2186,2185
2176,2177,2187
2176,2187,2186
2177,2178,2188
2177,2188,2187
2178,2179,2189
2178,2189,2188
2179,2180,2190
2179,2190,2189
2180,2181,2191
2180,2191,2190
2181,3132,2191
2182,3133,2196
2195,3134,2196
2183,2184,2197
2183,2197,2196
2184,2185,2198
2184,2198,2197
2185,2186,2199
2185,2199,2198
2186,2187,2200
2186,2200,2199
2187,2188,2201
2187,2201,2200
2188,2189,2202
2188,2202,2201
2189,2190,2203
2189,2203,2202
2190,2191,2204
2190,2204,2203
2191,2192,2205
2191,2205,2204
2192,3135,2205
2193,3136,2206
2194,3137,2210
2209,3138,2210
2195,2196,2211
2195,2211,2210
2196,2197,2212
2196,2212,2211
2197,2198,2213
2197,2213,2212
2198,2199,2214
2198,2214,2213
2199,2200,2215
2199,2215,2214
2200,2201,2216
2200,2216,2215
2201,2202,2217
2201,2217,2216
2202,2203,2218
2202,2218,2217
2203,2204,2219
2203,2219,2218
2204,2205,2220
2204,2220,2219
2205,2193,2206
2205,2206,2220
2206,2207,2222
2206,2222,2221
2207,3139,2222
2208,3140,2226
2225,3141,2226
2209,2210,2227
2209,2227,2226
2210,2211,2228
2210,2228,2227
2211,2212,2229
2211,2229,2228
2212,2213,2230
2212,2230,2229
2213,2214,2231
2213,2231,2230
2214,2215,2232
2214,2232,2231
2215,2216,2233
2215,2233,2232
2216,2217,2234
2216,2234,2233
2217,2218,2235
2217,2235,2234
2218,2219,2236
2218,2236,2235
2219,2220,2237
2219,2237,2236
2220,2206,2221
2220,2221,2237
2221,2222,2239
2221,2239,2238
2222,2223,2240
2222,2240,2239
2223,3142,2240
2224,3143,2245
2244,3144,2245
2225,2226,2246
2225,2246,2245
2226,2227,2247
2226,2247,2246
2227,2228,2248
2227,2248,2247
2228,2229,2249
2228,2249,2248
2229,2230,2250
2229,2250,2249
2230,2231,2251
2230,2251,2250
2231,2232,2252
2231,2252,2251
2232,2233,2253
2232,2253,2252
2233,2234,2254
2233,2254,2253
2234,2235,2255
2234,2255,2254
2235,2236,2256
2235,2256,2255
2236,2237,2257
2236,2257,2256
2237,2221,2238
2237,2238,2257
2238,2239,2259
2238,2259,2258
2239,2240,2260
2239,2260,2259
2240,2241,2261
2240,2261,2260
2241,3145,2262
2241,2262,2261
2242,3146,2263
2242,2263,2262
2243,3147,2264
2243,2264,2263
2244,2245,2265
2244,2265,2264
2245,2246,2266
2245,2266,2265
2246,2247,2267
2246,2267,2266
2247,2248,2268
2247,2268,2267
2248,2249,2269
2248,2269,2268
2249,2250,2270
2249,2270,2269
2250,2251,2271
2250,2271,2270
2251,2252,2272
2251,2272,2271
2252,2253,2273
2252,2273,2272
2253,2254,2274
2253,2274,2273
2254,2255,2275
2254,2275,2274
2255,2256,2276
2255,2276,2275
2256,2257,2277
2256,2277,2276
2257,2238,2258
2257,2258,2277
2258,2259,2279
2258,2279,2278
2259,2260,2280
2259,2280,2279
2260,2261,2281
2260,2281,2280
2261,2262,2282
2261,2282,2281
2262,2263,2283
2262,2283,2282
2263,2264,2284
2263,2284,2283
2264,2265,2285
2264,2285,2284
2265,2266,2286
2265,2286,2285
2266,2267,2287
2266,2287,2286
2267,2268,2288
2267,2288,2287
2268,2269,2289
2268,2289,2288
2269,2270,2290
2269,2290,2289
2270,2271,2291
2270,2291,2290
2271,2272,2292
2271,2292,2291
2272,2273,2293
2272,2293,2292
2273,2274,2294
2273,2294,2293
2274,2275,2295
2274,2295,2294
2275,2276,2296
2275,2296,2295
2276,2277,2297
2276,2297,2296
2277,2258,2278
2277,2278,2297
2278,2279,2299
2278,2299,2298
2279,2280,2300
2279,2300,2299
2280,2281,2301
2280,2301,2300
2281,2282,2302
2281,2302,2301
2282,2283,2303
2282,2303,2302
2283,2284,2304
2283,2304,2303
2284,2285,2305
2284,2305,2304
2285,2286,2306
2285,2306,2305
2286,2287,2307
2286,2307,2306
2287,2288,2308
2287,2308,2307
2288,2289,2309
2288,2309,2308
2289,2290,2310
2289,2310,2309
2290,2291,2311
2290,2311,2310
2291,2292,2312
2291,2312,2311
2292,2293,2313
2292,2313,2312
2293,2294,2314
2293,2314,2313
2294,2295,2315
2294,2315,2314
2295,2296,2316
2295,2316,2315
2296,2297,2317
2296,2317,2316
2297,2278,2298
2297,2298,2317
2298,2299,2319
2298,2319,2318
2299,2300,2320
2299,2320,2319
2300,2301,2321
2300,2321,2320
2301,2302,2322
2301,2322,2321
2302,2303,2323
2302,2323,2322
2303,2304,2324
2303,2324,2323
2304,2305,2325
2304,2325,2324
2305,2306,2326
2305,2326,2325
2306,2307,2327
2306,2327,2326
2307,2308,2328
2307,2328,2327
2308,2309,2329
2308,2329,2328
2309,2310,2330
2309,2330,2329
2310,2311,2331
2310,2331,2330
2311,2312,2332
2311,2332,2331
2312,2313,2333
2312,2333,2332
2313,2314,2334
2313,2334,2333
2314,2315,2335
2314,2335,2334
2315,2316,2336
2315,2336,2335
2316,2317,2337
2316,2337,2336
2317,2298,2318
2317,2318,2337
2318,2319,2339
2318,2339,2338
2319,2320,2340
2319,2340,2339
2320,2321,2341
2320,2341,2340
2321,2322,2342
2321,2342,2341
2322,2323,2343
2322,2343,2342
2323,2324,2344
2323,2344,2343
2324,2325,2345
2324,2345,2344
2325,2326,2346
2325,2346,2345
2326,2327,2347
2326,2347,2346
2327,2328,2348
2327,2348,2347
2328,2329,2349
2328,2349,2348
2329,2330,2350
2329,2350,2349
2330,2331,2351
2330,2351,2350
2331,2332,2352
2331,2352,2351
2332,2333,2353
2332,2353,2352
2333,2334,2354
2333,2354,2353
2334,2335,2355
2334,2355,2354
2335,2336,2356
2335,2356,2355
2336,2337,2357
2336,2357,2356
2337,2318,2338
2337,2338,2357
2338,2339,2359
2338,2359,2358
2339,2340,2360
2339,2360,2359
2340,2341,2361
2340,2361,2360
2341,2342,2362
2341,2362,2361
2342,2343,2363
2342,2363,2362
2343,2344,2364
2343,2364,2363
2344,2345,2365
2344,2365,2364
2345,2346,2366
2345,2366,2365
2346,2347,2367
2346,2367,2366
2347,2348,2368
2347,2368,2367
2348,2349,2369
2348,2369,2368
2349,2350,2370
2349,2370,2369
2350,2351,2371
2350,2371,2370
2351,2352,2372
2351,2372,2371
2352,2353,2373
2352,2373,2372
2353,2354,2374
2353,2374,2373
2354,2355,2375
2354,2375,2374
2355,2356,2376
2355,2376,2375
2356,2357,2377
2356,2377,2376
2357,2338,2358
2357,2358,2377
2358,2359,2379
2358,2379,2378
2359,2360,2380
2359,2380,2379
2360,2361,2381
2360,2381,2380
2361,2362,2382
2361,2382,2381
2362,2363,2383
2362,2383,2382
2363,2364,2384
2363,2384,2383
2364,2365,2385
2364,2385,2384
2365,2366,2386
2365,2386,2385
2366,2367,2387
2366,2387,2386
2367,2368,2388
2367,2388,2387
2368,2369,2389
2368,2389,2388
2369,2370,2390
2369,2390,2389
2370,2371,2391
2370,2391,2390
2371,2372,2392
2371,2392,2391
2372,2373,2393
2372,2393,2392
2373,2374,2394
2373,2394,2393
2374,2375,2395
2374,2395,2394
2375,2376,2396
2375,2396,2395
2376,2377,2397
2376,2397,2396
2377,2358,2378
2377,2378,2397
2378,2379,2399
2378,2399,2398
2379,2380,2400
2379,2400,2399
2380,2381,2401
2380,2401,2400
2381,2382,2402
2381,2402,2401
2382,2383,2403
2382,2403,2402
2383,2384,2404
2383,2404,2403
2384,2385,2405
2384,2405,2404
2385,2386,2406
2385,2406,2405
2386,2387,2407
2386,2407,2406
2387,2388,2408
2387,2408,2407
2388,2389,2409
2388,2409,2408
2389,2390,2410
2389,2410,2409
2390,2391,2411
2390,2411,2410
2391,2392,2412
2391,2412,2411
2392,2393,2413
2392,2413,2412
2393,2394,2414
2393,2414,2413
2394,2395,2415
2394,2415,2414
2395,2396,2416
2395,2416,2415
2396,2397,2417
2396,2417,2416
2397,2378,2398
2397,2398,2417
2398,2399,2419
2398,2419,2418
2399,2400,2420
2399,2420,2419
2400,2401,2421
2400,2421,2420
2401,2402,2422
2401,2422,2421
2402,2403,2423
2402,2423,2422
2403,2404,2424
2403,2424,2423
2404,2405,2425
2404,2425,2424
2405,2406,2426
2405,2426,2425
2406,2407,2427
2406,2427,2426
2407,2408,2428
2407,2428,2427
2408,2409,2429
2408,2429,2428
2409,2410,2430
2409,2430,2429
2410,2411,2431
2410,2431,2430
2411,2412,2432
2411,2432,2431
2412,2413,2433
2412,2433,2432
2413,2414,2434
2413,2434,2433
2414,2415,2435
2414,2435,2434
2415,2416,2436
2415,2436,2435
2416,2417,2437
2416,2437,2436
2417,2398,2418
2417,2418,2437
2418,2419,2439
2418,2439,2438
2419,2420,2440
2419,2440,2439
2420,2421,2441
2420,2441,2440
2421,2422,2442
2421,2442,2441
2422,2423,2443
2422,2443,2442
2423,2424,2444
2423,2444,2443
2424,2425,2445
2424,2445,2444
2425,2426,2446
2425,2446,2445
2426,2427,2447
2426,2447,2446
2427,2428,2448
2427,2448,2447
2428,2429,2449
2428,2449,2448
2429,2430,2450
2429,2450,2449
2430,2431,2451
2430,2451,2450
2431,2432,2452
2431,2452,2451
2432,2433,2453
2432,2453,2452
2433,2434,2454
2433,2454,2453
2434,2435,2455
2434,2455,2454
2435,2436,2456
2435,2456,2455
2436,2437,2457
2436,2457,2456
2437,2418,2438
2437,2438,2457
2438,2439,2459
2438,2459,2458
2439,2440,2460
2439,2460,2459
2440,2441,2461
2440,2461,2460
2441,2442,2462
2441,2462,2461
2442,2443,2463
2442,2463,2462
2443,2444,2464
2443,2464,2463
2444,2445,2465
2444,2465,2464
2445,2446,2466
2445,2466,2465
2446,2447,2467
2446,2467,2466
2447,2448,2468
2447,2468,2467
2448,2449,2469
2448,2469,2468
2449,2450,2470
2449,2470,2469
2450,2451,2471
2450,2471,2470
2451,2452,2472
2451,2472,2471
2452,2453,2473
2452,2473,2472
2453,2454,2474
2453,2474,2473
2454,2455,2475
2454,2475,2474
2455,2456,2476
2455,2476,2475
2456,2457,2477
2456,2477,2476
2457,2438,2458
2457,2458,2477
2458,2459,2479
2458,2479,2478
2459,2460,2480
2459,2480,2479
2460,2461,2481
2460,2481,2480
2461,2462,2482
2461,2482,2481
2462,2463,2483
2462,2483,2482
2463,2464,2484
2463,2484,2483
2464,2465,2485
2464,2485,2484
2465,2466,2486
2465,2486,2485
2466,2467,2487
2466,2487,2486
2467,2468,2488
2467,2488,2487
2468,2469,2489
2468,2489,2488
2469,2470,2490
2469,2490,2489
2470,2471,2491
2470,2491,2490
2471,2472,2492
2471,2492,2491
2472,2473,2493
2472,2493,2492
2473,2474,2494
2473,2494,2493
2474,2475,2495
2474,2495,2494
2475,2476,2496
2475,2496,2495
2476,2477,2497
2476,2497,2496
2477,2458,2478
2477,2478,2497
2478,2479,2499
2478,2499,2498
2479,2480,2500
2479,2500,2499
2480,2481,2501
2480,2501,2500
2481,2482,2502
2481,2502,2501
2482,2483,2503
2482,2503,2502
2483,2484,2504
2483,2504,2503
2484,2485,2505
2484,2505,2504
2485,2486,2506
2485,2506,2505
2486,2487,2507
2486,2507,2506
2487,2488,2508
2487,2508,2507
2488,2489,2509
2488,2509,2508
2489,2490,2510
2489,2510,2509
2490,2491,2511
2490,2511,2510
2491,2492,2512
2491,2512,2511
2492,2493,2513
2492,2513,2512
2493,2494,2514
2493,2514,2513
2494,2495,2515
2494,2515,2514
2495,2496,2516
2495,2516,2515
2496,2497,2517
2496,2517,2516
2497,2478,2498
2497,2498,2517
2498,2499,2519
2498,2519,2518
2499,2500,2520
2499,2520,2519
2500,2501,2521
2500,2521,2520
2501,2502,2522
2501,2522,2521
2502,2503,2523
2502,2523,2522
2503,2504,2524
2503,2524,2523
2504,2505,2525
2504,2525,2524
2505,2506,2526
2505,2526,2525
2506,2507,2527
2506,2527,2526
2507,2508,2528
2507,2528,2527
2508,2509,2529
2508,2529,2528
2509,2510,2530
2509,2530,2529
2510,2511,2531
2510,2531,2530
2511,2512,2532
2511,2532,2531
2512,2513,2533
2512,2533,2532
2513,2514,2534
2513,2534,2533
2514,2515,2535
2514,2535,2534
2515,2516,2536
2515,2536,2535
2516,2517,2537
2516,2537,2536
2517,2498,2518
2517,2518,2537
2518,2519,2539
2518,2539,2538
2519,2520,2540
2519,2540,2539
2520,2521,2541
2520,2541,2540
2521,2522,2542
2521,2542,2541
2522,2523,2543
2522,2543,2542
2523,2524,2544
2523,2544,2543
2524,2525,2545
2524,2545,2544
2525,2526,2546
2525,2546,2545
2526,2527,2547
2526,2547,2546
2527,2528,2548
2527,2548,2547
2528,2529,2549
2528,2549,2548
2529,2530,2550
2529,2550,2549
2530,2531,2551
2530,2551,2550
2531,2532,2552
2531,2552,2551
2532,2533,2553
2532,2553,2552
2533,2534,2554
2533,2554,2553
2534,2535,2555
2534,2555,2554
2535,2536,2556
2535,2556,2555
2536,2537,2557
2536,2557,2556
2537,2518,2538
2537,2538,2557
2538,2539,2559
2538,2559,2558
2539,2540,2560
2539,2560,2559
2540,2541,2561
2540,2561,2560
2541,2542,2562
2541,2562,2561
2542,2543,2563
2542,2563,2562
2543,2544,2564
2543,2564,2563
2544,2545,2565
2544,2565,2564
2545,2546,2566
2545,2566,2565
2546,2547,2567
2546,2567,2566
2547,2548,2568
2547,2568,2567
2548,2549,2569
2548,2569,2568
2549,2550,2570
2549,2570,2569
2550,2551,2571
2550,2571,2570
2551,2552,2572
2551,2572,2571
2552,2553,2573
2552,2573,2572
2553,2554,2574
2553,2574,2573
2554,2555,2575
2554,2575,2574
2555,2556,2576
2555,2576,2575
2556,2557,2577
2556,2577,2576
2557,2538,2558
2557,2558,2577
2558,2559,2579
2558,2579,2578
2559,2560,2580
2559,2580,2579
2560,2561,2581
2560,2581,2580
2561,2562,2582
2561,2582,2581
2562,2563,2583
2562,2583,2582
2563,2564,2584
2563,2584,2583
2564,2565,2585
2564,2585,2584
2565,2566,2586
2565,2586,2585
2566,2567,2587
2566,2587,2586
2567,2568,2588
2567,2588,2587
2568,2569,2589
2568,2589,2588
2569,2570,2590
2569,2590,2589
2570,2571,2591
2570,2591,2590
2571,2572,2592
2571,2592,2591
2572,2573,2593
2572,2593,2592
2573,2574,2594
2573,2594,2593
2574,2575,2595
2574,2595,2594
2575,2576,2596
2575,2596,2595
2576,2577,2597
2576,2597,2596
2577,2558,2578
2577,2578,2597
2578,2579,2599
2578,2599,2598
2579,2580,2600
2579,2600,2599
2580,2581,2601
2580,2601,2600
2581,2582,2602
2581,2602,2601
2582,2583,2603
2582,2603,2602
2583,2584,2604
2583,2604,2603
2584,2585,2605
2584,2605,2604
2585,2586,2606
2585,2606,2605
2586,2587,2607
2586,2607,2606
2587,2588,2608
2587,2608,2607
2588,2589,2609
2588,2609,2608
2589,2590,2610
2589,2610,2609
2590,2591,2611
2590,2611,2610
2591,2592,2612
2591,2612,2611
2592,2593,2613
2592,2613,2612
2593,2594,2614
2593,2614,2613
2594,2595,2615
2594,2615,2614
2595,2596,2616
2595,2616,2615
2596,2597,2617
2596,2617,2616
2597,2578,2598
2597,2598,2617
2598,2599,2619
2598,2619,2618
2599,2600,2620
2599,2620,2619
2600,2601,2621
2600,2621,2620
2601,2602,2622
2601,2622,2621
2602,2603,2623
2602,2623,2622
2603,2604,2624
2603,2624,2623
2604,2605,2625
2604,2625,2624
2605,2606,2626
2605,2626,2625
2606,2607,2627
2606,2627,2626
2607,2608,2628
2607,2628,2627
2608,2609,2629
2608,2629,2628
2609,2610,2630
2609,2630,2629
2610,2611,2631
2610,2631,2630
2611,2612,2632
2611,2632,2631
2612,2613,2633
2612,2633,2632
2613,2614,2634
2613,2634,2633
2614,2615,2635
2614,2635,2634
2615,2616,2636
2615,2636,2635
2616,2617,2637
2616,2637,2636
2617,2598,2618
2617,2618,2637
2618,2619,2639
2618,2639,2638
2619,2620,2640
2619,2640,2639
2620,2621,2641
2620,2641,2640
2621,2622,2642
2621,2642,2641
2622,2623,2643
2622,2643,2642
2623,2624,2644
2623,2644,2643
2624,2625,2645
2624,2645,2644
2625,2626,2646
2625,2646,2645
2626,2627,2647
2626,2647,2646
2627,2628,2648
2627,2648,2647
2628,2629,2649
2628,2649,2648
2629,2630,2650
2629,2650,2649
2630,2631,2651
2630,2651,2650
2631,2632,2652
2631,2652,2651
2632,2633,2653
2632,2653,2652
2633,2634,2654
2633,2654,2653
2634,2635,2655
2634,2655,2654
2635,2636,2656
2635,2656,2655
2636,2637,2657
2636,2657,2656
2637,2618,2638
2637,2638,2657
2638,2639,2659
2638,2659,2658
2639,2640,2660
2639,2660,2659
2640,2641,2661
2640,2661,2660
2641,2642,2662
2641,2662,2661
2642,2643,2663
2642,2663,2662
2643,2644,2664
2643,2664,2663
2644,2645,2665
2644,2665,2664
2645,2646,2666
2645,2666,2665
2646,2647,2667
2646,2667,2666
2647,2648,2668
2647,2668,2667
2648,2649,2669
2648,2669,2668
2649,2650,2670
2649,2670,2669
2650,2651,2671
2650,2671,2670
2651,2652,2672
2651,2672,2671
2652,2653,2673
2652,2673,2672
2653,2654,2674
2653,2674,2673
2654,2655,2675
2654,2675,2674
2655,2656,2676
2655,2676,2675
2656,2657,2677
2656,2677,2676
2657,2638,2658
2657,2658,2677
2658,2659,2679
2658,2679,2678
2659,2660,2680
2659,2680,2679
2660,2661,2681
2660,2681,2680
2661,2662,2682
2661,2682,2681
2662,2663,2683
2662,2683,2682
2663,2664,2684
2663,2684,2683
2664,2665,2685
2664,2685,2684
2665,2666,2686
2665,2686,2685
2666,2667,2687
2666,2687,2686
2667,2668,2688
2667,2688,2687
2668,2669,2689
2668,2689,2688
2669,2670,2690
2669,2690,2689
2670,2671,2691
2670,2691,2690
2671,2672,2692
2671,2692,2691
2672,2673,2693
2672,2693,2692
2673,2674,2694
2673,2694,2693
2674,2675,2695
2674,2695,2694
2675,2676,2696
2675,2696,2695
2676,2677,2697
2676,2697,2696
2677,2658,2678
2677,2678,2697
2678,2679,2699
2678,2699,2698
2679,2680,2700
2679,2700,2699
2680,2681,2701
2680,2701,2700
2681,2682,2702
2681,2702,2701
2682,2683,2703
2682,2703,2702
2683,2684,2704
2683,2704,2703
2684,2685,2705
2684,2705,2704
2685,2686,2706
2685,2706,2705
2686,2687,2707
2686,2707,2706
2687,2688,2708
2687,2708,2707
2688,2689,2709
2688,2709,2708
2689,2690,2710
2689,2710,2709
2690,2691,2711
2690,2711,2710
2691,2692,2712
2691,2712,2711
2692,2693,2713
2692,2713,2712
2693,2694,2714
2693,2714,2713
2694,2695,2715
2694,2715,2714
2695,2696,2716
2695,2716,2715
2696,2697,2717
2696,2717,2716
2697,2678,2698
2697,2698,2717
2698,2699,2719
2698,2719,2718
2699,2700,2720
2699,2720,2719
2700,2701,2721
2700,2721,2720
2701,2702,2722
2701,2722,2721
2702,2703,2723
2702,2723,2722
2703,2704,2724
2703,2724,2723
2704,2705,2725
2704,2725,2724
2705,2706,2726
2705,2726,2725
2706,2707,2727
2706,2727,2726
2707,2708,2728
2707,2728,2727
2708,2709,2729
2708,2729,2728
2709,2710,2730
2709,2730,2729
2710,2711,2731
2710,2731,2730
2711,2712,2732
2711,2732,2731
2712,2713,2733
2712,2733,2732
2713,2714,2734
2713,2734,2733
2714,2715,2735
2714,2735,2734
2715,2716,2736
2715,2736,2735
2716,2717,2737
2716,2737,2736
2717,2698,2718
2717,2718,2737
2718,2719,2739
2718,2739,2738
2719,2720,2740
2719,2740,2739
2720,2721,2741
2720,2741,2740
2721,2722,2742
2721,2742,2741
2722,2723,2743
2722,2743,2742
2723,2724,2744
2723,2744,2743
2724,2725,2745
2724,2745,2744
2725,2726,2746
2725,2746,2745
2726,2727,2747
2726,2747,2746
2727,2728,2748
2727,2748,2747
2728,2729,2749
2728,2749,2748
2729,2730,2750
2729,2750,2749
2730,2731,2751
2730,2751,2750
2731,2732,2752
2731,2752,2751
2732,2733,2753
2732,2753,2752
2733,2734,2754
2733,2754,2753
2734,2735,2755
2734,2755,2754
2735,2736,2756
2735,2756,2755
2736,2737,2757
2736,2757,2756
2737,2718,2738
2737,2738,2757
2738,2739,2759
2738,2759,2758
2739,2740,2760
2739,2760,2759
2740,2741,2761
2740,2761,2760
2741,2742,2762
2741,2762,2761
2742,2743,2763
2742,2763,2762
2743,2744,2764
2743,2764,2763
2744,2745,2765
2744,2765,2764
2745,2746,2766
2745,2766,2765
2746,2747,2767
2746,2767,2766
2747,2748,2768
2747,2768,2767
2748,2749,2769
2748,2769,2768
2749,2750,2770
2749,2770,2769
2750,2751,2771
2750,2771,2770
2751,2752,2772
2751,2772,2771
2752,2753,2773
2752,2773,2772
2753,2754,2774
2753,2774,2773
2754,2755,2775
2754,2775,2774
2755,2756,2776
2755,2776,2775
2756,2757,2777
2756,2777,2776
2757,2738,2758
2757,2758,2777
2758,2759,2779
2758,2779,2778
2759,2760,2780
2759,2780,2779
2760,2761,2781
2760,2781,2780
2761,2762,2782
2761,2782,2781
2762,2763,2783
2762,2783,2782
2763,2764,2784
2763,2784,2783
2764,2765,2785
2764,2785,2784
2765,2766,2786
2765,2786,2785
2766,2767,2787
2766,2787,2786
2767,2768,2788
2767,2788,2787
2768,2769,2789
2768,2789,2788
2769,2770,2790
2769,2790,2789
2770,2771,2791
2770,2791,2790
2771,2772,2792
2771,2792,2791
2772,2773,2793
2772,2793,2792
2773,2774,2794
2773,2794,2793
2774,2775,2795
2774,2795,2794
2775,2776,2796
2775,2796,2795
2776,2777,2797
2776,2797,2796
2777,2758,2778
2777,2778,2797
2778,2779,2799
2778,2799,2798
2779,2780,2800
2779,2800,2799
2780,2781,2801
2780,2801,2800
2781,2782,2802
2781,2802,2801
2782,2783,2803
2782,2803,2802
2783,2784,2804
2783,2804,2803
2784,2785,2805
2784,2805,2804
2785,2786,2806
2785,2806,2805
2786,2787,2807
2786,2807,2806
2787,2788,2808
2787,2808,2807
2788,2789,2809
2788,2809,2808
2789,2790,2810
2789,2810,2809
2790,2791,2811
2790,2811,2810
2791,2792,2812
2791,2812,2811
2792,2793,2813
2792,2813,2812
2793,2794,2814
2793,2814,2813
2794,2795,2815
2794,2815,2814
2795,2796,2816
2795,2816,2815
2796,2797,2817
2796,2817,2816
2797,2778,2798
2797,2798,2817
2798,2799,2819
2798,2819,2818
2799,2800,2820
2799,2820,2819
2800,2801,2821
2800,2821,2820
2801,2802,2822
2801,2822,2821
2802,2803,2823
2802,2823,2822
2803,2804,2824
2803,2824,2823
2804,2805,2825
2804,2825,2824
2805,2806,2826
2805,2826,2825
2806,2807,2827
2806,2827,2826
2807,2808,2828
2807,2828,2827
2808,2809,2829
2808,2829,2828
2809,2810,2830
2809,2830,2829
2810,2811,2831
2810,2831,2830
2811,2812,2832
2811,2832,2831
2812,2813,2833
2812,2833,2832
2813,2814,2834
2813,2834,2833
2814,2815,2835
2814,2835,2834
2815,2816,2836
2815,2836,2835
2816,2817,2837
2816,2837,2836
2817,2798,2818
2817,2818,2837
2818,2819,2839
2818,2839,2838
2819,2820,2840
2819,2840,2839
2820,2821,2841
2820,2841,2840
2821,2822,2842
2821,2842,2841
2822,2823,2843
2822,2843,2842
2823,2824,2844
2823,2844,2843
2824,2825,2845
2824,2845,2844
2825,2826,2846
2825,2846,2845
2826,2827,2847
2826,2847,2846
2827,2828,2848
2827,2848,2847
2828,2829,2849
2828,2849,2848
2829,2830,2850
2829,2850,2849
2830,2831,2851
2830,2851,2850
2831,2832,2852
2831,2852,2851
2832,2833,2853
2832,2853,2852
2833,2834,2854
2833,2854,2853
2834,2835,2855
2834,2855,2854
2835,2836,2856
2835,2856,2855
2836,2837,2857
2836,2857,2856
2837,2818,2838
2837,2838,2857
2838,2839,2859
2838,2859,2858
2839,2840,2860
2839,2860,2859
2840,2841,2861
2840,2861,2860
2841,2842,2862
2841,2862,2861
2842,2843,2863
2842,2863,2862
2843,2844,2864
2843,2864,2863
2844,2845,2865
2844,2865,2864
2845,2846,2866
2845,2866,2865
2846,2847,2867
2846,2867,2866
2847,2848,2868
2847,2868,2867
2848,2849,2869
2848,2869,2868
2849,2850,2870
2849,2870,2869
2850,2851,2871
2850,2871,2870
2851,2852,2872
2851,2872,2871
2852,2853,2873
2852,2873,2872
2853,2854,2874
2853,2874,2873
2854,2855,2875
2854,2875,2874
2855,2856,2876
2855,2876,2875
2856,2857,2877
2856,2877,2876
2857,2838,2858
2857,2858,2877
2858,2859,2879
2858,2879,2878
2859,2860,2880
2859,2880,2879
2860,2861,2881
2860,2881,2880
2861,2862,2882
2861,2882,2881
2862,2863,2883
2862,2883,2882
2863,2864,2884
2863,2884,2883
2864,2865,2885
2864,2885,2884
2865,2866,2886
2865,2886,2885
2866,2867,2887
2866,2887,2886
2867,2868,2888
2867,2888,2887
2868,2869,2889
2868,2889,2888
2869,2870,2890
2869,2890,2889
2870,2871,2891
2870,2891,2890
2871,2872,2892
2871,2892,2891
2872,2873,2893
2872,2893,2892
2873,2874,2894
2873,2894,2893
2874,2875,2895
2874,2895,2894
2875,2876,2896
2875,2896,2895
2876,2877,2897
2876,2897,2896
2877,2858,2878
2877,2878,2897
2878,2879,2899
2878,2899,2898
2879,2880,2900
2879,2900,2899
2880,2881,2901
2880,2901,2900
2881,2882,2902
2881,2902,2901
2882,2883,2903
2882,2903,2902
2883,2884,2904
2883,2904,2903
2884,2885,2905
2884,2905,2904
2885,2886,2906
2885,2906,2905
2886,2887,2907
2886,2907,2906
2887,2888,2908
2887,2908,2907
2888,2889,2909
2888,2909,2908
2889,2890,2910
2889,2910,2909
2890,2891,2911
2890,2911,2910
2891,2892,2912
2891,2912,2911
2892,2893,2913
2892,2913,2912
2893,2894,2914
2893,2914,2913
2894,2895,2915
2894,2915,2914
2895,2896,2916
2895,2916,2915
2896,2897,2917
2896,2917,2916
2897,2878,2898
2897,2898,2917
2898,2899,2919
2898,2919,2918
2899,2900,2920
2899,2920,2919
2900,2901,2921
2900,2921,2920
2901,2902,2922
2901,2922,2921
2902,2903,2923
2902,2923,2922
2903,2904,2924
2903,2924,2923
2904,2905,2925
2904,2925,2924
2905,2906,2926
2905,2926,2925
2906,2907,2927
2906,2927,2926
2907,2908,2928
2907,2928,2927
2908,2909,2929
2908,2929,2928
2909,2910,2930
2909,2930,2929
2910,2911,2931
2910,2931,2930
2911,2912,2932
2911,2932,2931
2912,2913,2933
2912,2933,2932
2913,2914,2934
2913,2934,2933
2914,2915,2935
2914,2935,2934
2915,2916,2936
2915,2936,2935
2916,2917,2937
2916,2937,2936
2917,2898,2918
2917,2918,2937
2918,2919,2939
2918,2939,2938
2919,2920,2940
2919,2940,2939
2920,2921,2941
2920,2941,2940
2921,2922,2942
2921,2942,2941
2922,2923,2943
2922,2943,2942
2923,2924,2944
2923,2944,2943
2924,2925,2945
2924,2945,2944
2925,2926,2946
2925,2946,2945
2926,2927,2947
2926,2947,2946
2927,2928,2948
2927,2948,2947
2928,2929,2949
2928,2949,2948
2929,2930,2950
2929,2950,2949
2930,2931,2951
2930,2951,2950
2931,2932,2952
2931,2952,2951
2932,2933,2953
2932,2953,2952
2933,2934,2954
2933,2954,2953
2934,2935,2955
2934,2955,2954
2935,2936,2956
2935,2956,2955
2936,2937,2957
2936,2957,2956
2937,2918,2938
2937,2938,2957
2938,2939,2959
2938,2959,2958
2939,2940,2960
2939,2960,2959
2940,2941,2961
2940,2961,2960
2941,2942,2962
2941,2962,2961
2942,2943,2963
2942,2963,2962
2943,2944,2964
2943,2964,2963
2944,2945,2965
2944,2965,2964
2945,2946,2966
2945,2966,2965
2946,2947,2967
2946,2967,2966
2947,2948,2968
2947,2968,2967
2948,2949,2969
2948,2969,2968
2949,2950,2970
2949,2970,2969
2950,2951,2971
2950,2971,2970
2951,2952,2972
2951,2972,2971
2952,2953,2973
2952,2973,2972
2953,2954,2974
2953,2974,2973
2954,2955,2975
2954,2975,2974
2955,2956,2976
2955,2976,2975
2956,2957,2977
2956,2977,2976
2957,2938,2958
2957,2958,2977
2958,2959,2979
2958,2979,2978
2959,2960,2980
2959,2980,2979
2960,2961,2981
2960,2981,2980
2961,2962,2982
2961,2982,2981
2962,2963,2983
2962,2983,2982
2963,2964,2984
2963,2984,2983
2964,2965,2985
2964,2985,2984
2965,2966,2986
2965,2986,2985
2966,2967,2987
2966,2987,2986
2967,2968,2988
2967,2988,2987
2968,2969,2989
2968,2989,2988
2969,2970,2990
2969,2990,2989
2970,2971,2991
2970,2991,2990
2971,2972,2992
2971,2992,2991
2972,2973,2993
2972,2993,2992
2973,2974,2994
2973,2994,2993
2974,2975,2995
2974,2995,2994
2975,2976,2996
2975,2996,2995
2976,2977,2997
2976,2997,2996
2977,2958,2978
2977,2978,2997
2978,2979,2999
2978,2999,2998
2979,2980,3000
2979,3000,2999
2980,2981,3001
2980,3001,3000
2981,2982,3002
2981,3002,3001
2982,2983,3003
2982,3003,3002
2983,2984,3004
2983,3004,3003
2984,2985,3005
2984,3005,3004
2985,2986,3006
2985,3006,3005
2986,2987,3007
2986,3007,3006
2987,2988,3008
2987,3008,3007
2988,2989,3009
2988,3009,3008
2989,2990,3010
2989,3010,3009
2990,2991,3011
2990,3011,3010
2991,2992,3012
2991,3012,3011
2992,2993,3013
2992,3013,3012
2993,2994,3014
2993,3014,3013
2994,2995,3015
2994,3015,3014
2995,2996,3016
2995,3016,3015
2996,2997,3017
2996,3017,3016
2997,2978,2998
2997,2998,3017
2998,2999,3019
2998,3019,3018
2999,3000,3020
2999,3020,3019
3000,3001,3021
3000,3021,3020
3001,3002,3022
3001,3022,3021
3002,3003,3023
3002,3023,3022
3003,3004,3024
3003,3024,3023
3004,3005,3025
3004,3025,3024
3005,3006,3026
3005,3026,3025
3006,3007,3027
3006,3027,3026
3007,3008,3028
3007,3028,3027
3008,3009,3029
3008,3029,3028
3009,3010,3030
3009,3030,3029
3010,3011,3031
3010,3031,3030
3011,3012,3032
3011,3032,3031
3012,3013,3033
3012,3033,3032
3013,3014,3034
3013,3034,3033
3014,3015,3035
3014,3035,3034
3015,3016,3036
3015,3036,3035
3016,3017,3037
3016,3037,3036
3017,2998,3018
3017,3018,3037
3018,3019,3039
3018,3039,3038
3019,3020,3040
3019,3040,3039
3020,3021,3041
3020,3041,3040
3021,3022,3042
3021,3042,3041
3022,3023,3043
3022,3043,3042
3023,3024,3044
3023,3044,3043
3024,3025,3045
3024,3045,3044
3025,3026,3046
3025,3046,3045
3026,3027,3047
3026,3047,3046
3027,3028,3048
3027,3048,3047
3028,3029,3049
3028,3049,3048
3029,3030,3050
3029,3050,3049
3030,3031,3051
3030,3051,3050
3031,3032,3052
3031,3052,3051
3032,3033,3053
3032,3053,3052
3033,3034,3054
3033,3054,3053
3034,3035,3055
3034,3055,3054
3035,3036,3056
3035,3056,3055
3036,3037,3057
3036,3057,3056
3037,3018,3038
3037,3038,3057
3038,3039,3059
3038,3059,3058
3039,3040,3060
3039,3060,3059
3040,3041,3061
3040,3061,3060
3041,3042,3062
3041,3062,3061
3042,3043,3063
3042,3063,3062
3043,3044,3064
3043,3064,3063
3044,3045,3065
3044,3065,3064
3045,3046,3066
3045,3066,3065
3046,3047,3067
3046,3067,3066
3047,3048,3068
3047,3068,3067
3048,3049,3069
3048,3069,3068
3049,3050,3070
3049,3070,3069
3050,3051,3071
3050,3071,3070
3051,3052,3072
3051,3072,3071
3052,3053,3073
3052,3073,3072
3053,3054,3074
3053,3074,3073
3054,3055,3075
3054,3075,3074
3055,3056,3076
3055,3076,3075
3056,3057,3077
3056,3077,3076
3057,3038,3058
3057,3058,3077
3058,3059,3079
3058,3079,3078
3059,3060,3080
3059,3080,3079
3060,3061,3081
3060,3081,3080
3061,3062,3082
3061,3082,3081
3062,3063,3083
3062,3083,3082
3063,3064,3084
3063,3084,3083
3064,3065,3085
3064,3085,3084
3065,3066,3086
3065,3086,3085
3066,3067,3087
3066,3087,3086
3067,3068,3088
3067,3088,3087
3068,3069,3089
3068,3089,3088
3069,3070,3090
3069,3090,3089
3070,3071,3091
3070,3091,3090
3071,3072,3092
3071,3092,3091
3072,3073,3093
3072,3093,3092
3073,3074,3094
3073,3094,3093
3074,3075,3095
3074,3095,3094
3075,3076,3096
3075,3096,3095
3076,3077,3097
3076,3097,3096
3077,3058,3078
3077,3078,3097
3078,3079,3099
3078,3099,3098
3079,3080,3100
3079,3100,3099
3080,3081,3101
3080,3101,3100
3081,3082,3102
3081,3102,3101
3082,3083,3103
3082,3103,3102
3083,3084,3104
3083,3104,3103
3084,3085,3105
3084,3105,3104
3085,3086,3106
3085,3106,3105
3086,3087,3107
3086,3107,3106
3087,3088,3108
3087,3108,3107
3088,3089,3109
3088,3109,3108
3089,3090,3110
3089,3110,3109
3090,3091,3111
3090,3111,3110
3091,3092,3112
3091,3112,3111
3092,3093,3113
3092,3113,3112
3093,3094,3114
3093,3114,3113
3094,3095,3115
3094,3115,3114
3095,3096,3116
3095,3116,3115
3096,3097,3117
3096,3117,3116
3097,3078,3098
3097,3098,3117
3098,3099,3118
3099,3100,3118
3100,3101,3118
3101,3102,3118
3102,3103,3118
3103,3104,3118
3104,3105,3118
3105,3106,3118
3106,3107,3118
3107,3108,3118
3108,3109,3118
3109,3110,3118
3110,3111,3118
3111,3112,3118
3112,3113,3118
3113,3114,3118
3114,3115,3118
3115,3116,3118
3116,3117,3118
3117,3098,3118
3119,2161,2166
3120,2160,2166
3121,2167,2166
3122,2163,2170
3123,2162,2170
3124,2164,2171
3125,2172,2171
3126,2165,2175
3127,2168,2177
3128,2169,2178
3129,2181,2171
3130,2174,2184
3131,2173,2184
3132,2192,2191
3133,2183,2196
3134,2182,2196
3135,2193,2205
3136,2207,2206
3137,2195,2210
3138,2194,2210
3139,2223,2222
3140,2209,2226
3141,2208,2226
3142,2241,2240
3143,2225,2245
3144,2224,2245
3145,2242,2262
3146,2243,2263
3147,2244,2264
978,2146,3168
3168,3170,2242
3170,2146,977
2146,3170,3168
2242,3170,3146
3170,977,3171
3171,2243,3146
3146,3170,3171
2243,3171,3147
3171,977,3172
3172,2244,3147
3147,3171,3172
2244,3172,3144
3172,977,3173
3173,2224,3144
3144,3172,3173
977,2142,3173
3173,3174,2224
3174,2142,966
2142,3174,3173
2224,3174,3143
3174,966,3175
3175,2225,3143
3143,3174,3175
2225,3175,3141
3175,966,3176
3176,2208,3141
3141,3175,3176
966,2141,3176
3176,3177,2208
3177,2141,965
2141,3177,3176
2208,3177,3140
3177,965,3178
3178,2209,3140
3140,3177,3178
2209,3178,3138
3178,965,3179
3179,2194,3138
3138,3178,3179
2194,3179,3137
3179,965,3180
3180,2195,3137
3137,3179,3180
965,2140,3180
3180,3181,2195
3181,2140,964
2140,3181,3180
2195,3181,3134
3181,964,3182
3182,2182,3134
3134,3181,3182
2182,3182,3133
3182,964,3183
3183,2183,3133
3133,3182,3183
964,2137,3183
3183,3184,2183
3184,2137,959
2137,3184,3183
2183,3184,3131
3184,959,3185
3185,2173,3131
3131,3184,3185
959,2153,3185
3185,3186,2173
3186,2153,2132
2153,3186,3185
2173,3186,3130
3186,2132,3187
3187,2174,3130
3130,3186,3187
2174,3187,3126
3187,2132,3188
3188,2165,3126
3126,3187,3188
2132,2152,3188
3188,3189,2165
3189,2152,3
2152,3189,3188
2165,3120,3189
3189,3190,3
3190,3120,2160
3120,3190,3189
3,2151,3190
3190,3191,2160
3191,2151,903
2151,3191,3190
2160,3191,3119
3191,903,3192
3192,2161,3119
3119,3191,3192
903,2150,3192
3192,3193,2161
3193,2150,8
2150,3193,3192
8,2135,3193
3193,3194,2161
3194,2135,7
2135,3194,3193
2161,3194,3121
3194,7,3195
3195,2167,3121
3121,3194,3195
7,2134,3195
3195,3196,2167
3196,2134,6
2134,3196,3195
2167,3196,3127
3196,6,3197
3197,2168,3127
3127,3196,3197
6,2133,3197
3197,3198,2168
3198,2133,5
2133,3198,3197
2168,3198,3128
3198,5,3199
3199,2169,3128
3128,3198,3199
2169,3199,3123
3199,5,3200
3200,2162,3123
3123,3199,3200
5,2136,3200
3200,3201,2162
3201,2136,2
2136,3201,3200
2,2159,3201
3201,3202,2162
3202,2159,901
2159,3202,3201
2162,3202,3122
3202,901,3203
3203,2163,3122
3122,3202,3203
901,2158,3203
3203,3148,2163
3148,2158,1
2158,3148,3203
1,2156,3148
3148,3149,2163
3149,2156,900
2156,3149,3148
2163,3149,3124
3149,900,3150
3150,2164,3124
3124,3149,3150
900,2157,3150
3150,3151,2164
3151,2157,2046
2157,3151,3150
2046,2155,3151
3151,3152,2164
3152,2155,2045
2155,3152,3151
2164,3152,3125
3152,2045,3153
3153,2172,3125
3125,3152,3153
2045,2154,3153
3153,3154,2172
3154,2154,961
2154,3154,3153
961,2149,3154
3154,3155,2172
3155,2149,2017
2149,3155,3154
2172,3155,3129
3155,2017,3156
3156,2181,3129
3129,3155,3156
2017,2138,3156
3156,3157,2181
3157,2138,960
2138,3157,3156
960,2139,3157
3157,3158,2181
3158,2139,969
2139,3158,3157
2181,3158,3132
3158,969,3159
3159,2192,3132
3132,3158,3159
969,2145,3159
3159,3160,2192
3160,2145,968
2145,3160,3159
2192,3160,3135
3160,968,3161
3161,2193,3135
3135,3160,3161
968,2143,3161
3161,3162,2193
3162,2143,967
2143,3162,3161
2193,3162,3136
3162,967,3163
3163,2207,3136
3136,3162,3163
967,2144,3163
3163,3164,2207
3164,2144,980
2144,3164,3163
2207,3164,3139
3164,980,3165
3165,2223,3139
3139,3164,3165
980,2148,3165
3165,3166,2223
3166,2148,979
2148,3166,3165
2223,3166,3142
3166,979,3167
3167,2241,3142
3142,3166,3167
979,2147,3167
3167,3169,2241
3169,2147,978
2147,3169,3167
2241,3169,3145
3169,978,3168
3168,2242,3145
3145,3169,3168
