1,1,1,1.0E-5,1.840027212910664,100000.0
-0.6300750290022921,-0.4568464702521539,-0.45188734701658273,0.522626181500335,0.8525266436863816,-0.007758621991921656
-0.610842101079488,-0.4254730257698672,-0.4521728685285793,0.522626181500335,0.8525266436863816,-0.007758621991921656
-0.5916091731566838,-0.39409958128758055,-0.45245839004057564,0.522626181500335,0.8525266436863816,-0.007758621991921656
-0.5723762452338798,-0.3627261368052938,-0.4527439115525722,0.522626181500335,0.8525266436863816,-0.007758621991921656
-0.5531433173110757,-0.33135269232300707,-0.45302943306456855,0.522626181500335,0.8525266436863816,-0.007758621991921656
-0.5339103893882716,-0.29997924784072044,-0.4533149545765651,0.522626181500335,0.8525266436863816,-0.007758621991921656
-0.5146774614654676,-0.2686058033584336,-0.45360047608856147,0.522626181500335,0.8525266436863816,-0.007758621991921656
-0.4954445335426635,-0.23723235887614696,-0.45388599760055803,0.522626181500335,0.8525266436863816,-0.007758621991921656
-0.4762116056198594,-0.20585891439386034,-0.4541715191125544,0.522626181500335,0.8525266436863816,-0.007758621991921656
-0.45697867769705525,-0.1744854699115735,-0.45445704062455095,0.522626181500335,0.8525266436863816,-0.007758621991921656
-0.4377457497742513,-0.14311202542928664,-0.4547425621365473,0.522626181500335,0.8525266436863816,-0.007758621991921656
-0.4185128218514472,-0.11173858094700001,-0.45502808364854386,0.522626181500335,0.8525266436863816,-0.007758621991921656
-0.39927989392864305,-0.08036513646471338,-0.4553136051605402,0.522626181500335,0.8525266436863816,-0.007758621991921656
-0.380046966005839,-0.04899169198242653,-0.45559912667253677,0.522626181500335,0.8525266436863816,-0.007758621991921656
-0.3608140380830349,-0.017618247500139905,-0.4558846481845331,0.522626181500335,0.8525266436863816,-0.007758621991921656
-0.34158111016023074,0.013755196982146722,-0.4561701696965297,0.522626181500335,0.8525266436863816,-0.007758621991921656
-0.3223481822374267,0.04512864146443357,-0.456455691208526,0.522626181500335,0.8525266436863816,-0.007758621991921656
-0.3031152543146226,0.07650208594672042,-0.4567412127205226,0.522626181500335,0.8525266436863816,-0.007758621991921656
-0.28388232639181843,0.10787553042900683,-0.45702673423251894,0.522626181500335,0.8525266436863816,-0.007758621991921656
-0.2646493984690145,0.13924897491129368,-0.4573122557445155,0.522626181500335,0.8525266436863816,-0.007758621991921656
-0.24541647054621038,0.17062241939358053,-0.45759777725651185,0.522626181500335,0.8525266436863816,-0.007758621991921656
-0.22618354262340631,0.20199586387586693,-0.4578832987685084,0.522626181500335,0.8525266436863816,-0.007758621991921656
-0.20695061470060225,0.23336930835815378,-0.45816882028050476,0.522626181500335,0.8525266436863816,-0.007758621991921656
-0.18771768677779818,0.2647427528404404,-0.45845434179250133,0.522626181500335,0.8525266436863816,-0.007758621991921656
-0.16848475885499406,0.29611619732272704,-0.4587398633044977,0.522626181500335,0.8525266436863816,-0.007758621991921656
-0.14925183093218994,0.3274896418050139,-0.45902538481649424,0.522626181500335,0.8525266436863816,-0.007758621991921656
-0.13001890300938587,0.35886308628730074,-0.4593109063284906,0.522626181500335,0.8525266436863816,-0.007758621991921656
-0.1107859750865818,0.39023653076958736,-0.45959642784048715,0.522626181500335,0.8525266436863816,-0.007758621991921656
-0.09155304716377774,0.4216099752518739,-0.4598819493524835,0.522626181500335,0.8525266436863816,-0.007758621991921656
-0.07232011924097367,0.45298341973416073,-0.46016747086448007,0.522626181500335,0.8525266436863816,-0.007758621991921656
-0.0530871913181695,0.4843568642164476,-0.4604529923764764,0.522626181500335,0.8525266436863816,-0.007758621991921656
-0.03385426339536543,0.5157303086987339,-0.460738513888473,0.522626181500335,0.8525266436863816,-0.007758621991921656
-0.014621335472561364,0.5471037531810208,-0.46102403540046955,0.522626181500335,0.8525266436863816,-0.007758621991921656
0.004611592450242591,0.5784771976633076,-0.4613095569124659,0.522626181500335,0.8525266436863816,-0.007758621991921656
0.02384452037304688,0.6098506421455945,-0.46159507842446246,0.522626181500335,0.8525266436863816,-0.007758621991921656
0.04307744829585072,0.6412240866278804,-0.4618805999364588,0.522626181500335,0.8525266436863816,-0.007758621991921656
0.06231037621865512,0.6725975311101673,-0.46216612144845537,0.522626181500335,0.8525266436863816,-0.007758621991921656
0.08154330414145908,0.7039709755924541,-0.4624516429604517,0.522626181500335,0.8525266436863816,-0.007758621991921656
0.10077623206426314,0.735344420074741,-0.4627371644724483,0.522626181500335,0.8525266436863816,-0.007758621991921656
0.12000915998706721,0.7667178645570278,-0.4630226859844446,0.522626181500335,0.8525266436863816,-0.007758621991921656
0.13924208790987128,0.7980913090393147,-0.46330820749644097,0.522626181500335,0.8525266436863816,-0.007758621991921656
0.15847501583267556,0.8294647535216011,-0.46359372900843754,0.522626181500335,0.8525266436863816,-0.007758621991921656
0.1777079437554794,0.8608381980038879,-0.4638792505204341,0.522626181500335,0.8525266436863816,-0.007758621991921656
0.19694087167828359,0.8922116424861748,-0.46416477203243045,0.522626181500335,0.8525266436863816,-0.007758621991921656
0.21617379960108749,0.9235850869684612,-0.464450293544427,0.522626181500335,0.8525266436863816,-0.007758621991921656
0.23540672752389177,0.954958531450748,-0.46473581505642336,0.522626181500335,0.8525266436863816,-0.007758621991921656
0.25463965544669565,0.9863319759330345,-0.46502133656841993,0.522626181500335,0.8525266436863816,-0.007758621991921656
0.27387258336949993,1.0177054204153213,-0.4653068580804163,0.522626181500335,0.8525266436863816,-0.007758621991921656
0.293105511292304,1.0490788648976082,-0.4655923795924126,0.522626181500335,0.8525266436863816,-0.007758621991921656
0.31233843921510807,1.080452309379895,-0.4658779011044092,0.522626181500335,0.8525266436863816,-0.007758621991921656
0.33157136713791213,1.1118257538621814,-0.46616342261640575,0.522626181500335,0.8525266436863816,-0.007758621991921656
2,2,2,0.5819898445651928,2.596730424695779,1.7182430403869067
-0.6300750290022921,-0.4568464702521539,-0.45188734701658273,0.6275349461727094,-0.48977921777201716,0.6052406208861456
-0.5973186539460714,-0.4816067825660148,-0.42009198491248223,0.6338159018426224,-0.46366697035501825,0.6191044687071988
-0.5642510911567689,-0.5049998626630134,-0.387591241555052,0.6395178627909603,-0.4371311603110424,0.6324027607912585
-0.5309025480562158,-0.5270043408207148,-0.35441480657308944,0.644635620241354,-0.4101960282656458,0.6451233490667778
-0.4973034887434845,-0.5476001158130877,-0.3205929868438422,0.6491644990909207,-0.38288617962748667,0.6572546131981906
-0.46348460616574694,-0.5667683732731021,-0.28615667880749185,0.653100362180998,-0.35522656211113474,0.6687854712011576
-0.4294767940800787,-0.5844916028797662,-0.2511373402430652,0.6564396140764643,-0.3272424429471787,0.6797053895660281
-0.3953111188318217,-0.6007536143539121,-0.21556696153155874,0.6591792043501916,-0.29895938580045667,0.6900043928802648
-0.3610187909752872,-0.6155395522481166,-0.17947803643253035,0.6613166303696276,-0.27040322741749157,0.6996730729410462
-0.3266311367627228,-0.6288359095172438,-0.14290353240085008,0.662849939582968,-0.24160005402446383,0.7087025973497156
-0.29217956952758717,-0.6406305398572127,-0.10587686047072609,0.6637777313028229,-0.21257617749728303,0.717084717580233
-0.257695560988279,-0.6509126688007218,-0.0684318447345218,0.6640991579857543,-0.18335811132552943,0.7248117765142537
-0.22321061249852736,-0.6596729035597901,-0.030602691444238106,0.6638139260065118,-0.1539725463922162,0.7318767154359531
-0.18875622627071165,-0.6669032416061271,0.0075760422361077495,0.6629222959262617,-0.12444632659150442,0.7382730804802079
-0.15436387659839734,-0.6725970779814925,0.04606947979866427,0.6614250822545618,-0.09480642430664185,0.7439950285282395
-0.12006498110437502,-0.6767492113313649,0.08484245725164818,0.6593236527053028,-0.06507991577052344,0.749037332545341
-0.08589087204046919,-0.6793558486564111,0.12385955524186976,0.6566199269472928,-0.03529395633138693,0.7533953863558042
-0.05187276766533366,-0.6804146087774146,0.16308513141052727,0.6533163748506273,-0.00547575564623573,0.7570652088506896
-0.01804174372638012,-0.6799245245104992,0.20248335295272213,0.6494160142304501,0.024347447175350728,0.7600434476245947
0.015571294928108048,-0.6778860435506537,0.24201822935094608,0.6449224080901579,0.05414840845431054,0.7623273820380965
0.04893564258074423,-0.6743010280627635,0.2816536452526395,0.639839661366576,0.0838999048293674,0.7639149257030715
0.08202082069490035,-0.6691727529805083,0.32135339346178915,0.6341724171800736,0.11357475812573892,0.7648046283886254
0.11479660575703798,-0.6625059030146931,0.361081208014423,0.627925852593044,0.1431458601825663,0.764995677345887
0.14723305688607224,-0.6543065683737346,0.4008007973077923,0.6211056738806275,0.1725861976163856,0.7644878980504598
0.17930054318455246,-0.6445822392002174,0.44047587725297266,0.6137181113179924,0.20186887649801935,0.7632817543618506
0.21096977080666773,-0.6333417987286041,0.48007020442060355,0.6057699134889412,0.23096714692034687,0.7613783480997318
0.24221180971835582,-0.6205955151703464,0.5195476091494817,0.5972683411210379,0.2598544274345079,0.7587794180374214
0.27299812012506613,-0.6063550323338094,0.5588720285877715,0.5882211604528893,0.28850432933222053,0.7554873383135039
0.30330057854303955,-0.5906333589875816,0.5980075396366402,0.5786366361396363,0.31689068075202714,0.751505116263039
0.33309150349028077,-0.5734448569768864,0.6369183917662289,0.5685235237031432,0.3449875505874518,0.7468363896703433
0.362343680773765,-0.5548052281039451,0.675569039673984,0.5578910615337725,0.37276927217522526,0.7414854234458517
0.39103038834976855,-0.5347314997842869,0.7139241757555053,0.54674896245106,0.4002104667419388,0.7354571057300959
0.41912542073462045,-0.5132420094920989,0.7519487623582637,0.5351074048309936,0.4272860665877105,0.7287569434283575
0.44660311294357413,-0.49035638800883125,0.7896080637887102,0.5229770233080053,0.45397133798568245,0.7213910571800763
0.47343836393592675,-0.4660955414903571,0.8268676780435444,0.5103688990601654,0.48024190377643305,0.7133661757676085
0.4996066595449751,-0.4404816323690703,0.8636935682361591,0.4972945496864601,0.5060737656366617,0.7046896299694431
0.525084094871858,-0.413538059108369,0.900052093689542,0.48376591868539354,0.531443326001804,0.6953693458634898
0.5498473961228285,-0.38528943482801353,0.9359100406672431,0.46979536454452797,0.5563274096225529,0.6854138375865596
0.5738739418700052,-0.3557615648198928,0.9712346527143265,0.45539564945093003,0.5807032847355906,0.6748321995566465
0.5971417837161879,-0.3249814229747267,1.0059936605805913,0.44057992763283393,0.6045486838291946,0.6636340981651226
0.619629666344854,-0.2929771271412575,1.0401553116987352,0.4253617333431735,0.6278418239847463,0.6518297629464295
0.6413170469370171,-0.2597779134404183,1.0736883991905128,0.4097549684959586,0.6505614267755605,0.6394299772333351
0.6621841139372233,-0.225414109557956,1.1065622903744172,0.39377388996679197,0.6726867377048606,0.6264460683062935
0.6822118051515247,-0.18991710703990766,1.1387469547488185,0.3774330965691247,0.6941975451651368,0.6128898970459049
0.7013818251609127,-0.15331933261622693,1.1702129914250134,0.36074751571815133,0.7150741989015753,0.5987738470979279
0.7196766620342958,-0.11565421857876917,1.200931655985117,0.34373238979452364,0.7352976279626863,0.5841108135607431
0.7370796033257556,-0.07695617224068546,1.2308748867402666,0.32640326222034266,0.7548493581217353,0.5689141912056012
0.7535747513414692,-0.03726054450513344,1.260015330365146,0.3087759632601472,0.7737115287530625,0.5531978622404171
0.7691470376623499,0.003396402427994716,1.2883263668854137,0.29086659555986927,0.7918669091478756,0.5369761836282887
0.783782236909141,0.044977528187809146,1.3157821339952185,0.27269151943696873,0.8092989142546064,0.5202639739723218
0.797466979737387,0.08744484816038339,1.34235755068257,0.2542673379351825,0.8259916198294577,0.5030764999787453
