90,1207,91
78,79,91
91,79,92
79,80,92
92,80,93
80,81,93
93,81,94
81,82,94
94,82,95
82,83,95
95,83,96
83,84,96
96,84,97
84,85,97
97,85,98
85,86,98
98,86,99
86,87,99
99,87,100
87,88,100
100,88,101
89,1208,88
78,1209,79
66,67,79
79,67,80
67,68,80
80,68,81
68,69,81
81,69,82
69,70,82
82,70,83
70,71,83
83,71,84
71,72,84
84,72,85
72,73,85
85,73,86
73,74,86
86,74,87
74,75,87
87,75,88
75,76,88
88,76,89
77,1210,76
66,1211,67
54,55,67
67,55,68
55,56,68
68,56,69
56,57,69
69,57,70
57,58,70
70,58,71
58,59,71
71,59,72
59,60,72
72,60,73
60,61,73
73,61,74
61,62,74
74,62,75
62,63,75
75,63,76
63,64,76
76,64,77
65,1212,64
54,1213,55
43,1214,55
55,44,56
44,45,56
56,45,57
45,46,57
57,46,58
46,47,58
58,47,59
47,48,59
59,48,60
48,49,60
60,49,61
49,50,61
61,50,62
50,51,62
62,51,63
51,52,63
63,52,64
52,53,64
53,1215,64
44,1216,45
33,34,45
45,34,46
34,35,46
46,35,47
35,36,47
47,36,48
36,37,48
48,37,49
37,38,49
49,38,50
38,39,50
50,39,51
39,40,51
51,40,52
40,41,52
52,41,53
42,1217,41
33,1218,34
23,24,34
34,24,35
24,25,35
35,25,36
25,26,36
36,26,37
26,27,37
37,27,38
27,28,38
38,28,39
28,29,39
39,29,40
29,30,40
40,30,41
30,31,41
41,31,42
32,1219,31
23,1220,24
14,1221,24
24,15,25
15,16,25
25,16,26
16,17,26
26,17,27
17,18,27
27,18,28
18,19,28
28,19,29
19,20,29
29,20,30
20,21,30
30,21,31
21,22,31
22,1222,31
15,1223,16
7,8,16
16,8,17
8,9,17
17,9,18
9,10,18
18,10,19
10,11,19
19,11,20
11,12,20
20,12,21
12,13,21
13,1224,21
7,1225,8
1,1226,8
8,2,9
2,1227,9
9,3,10
3,1228,10
10,4,11
4,1229,11
11,5,12
5,1230,12
6,1231,12
90,91,103
102,1232,103
91,92,104
91,104,103
92,93,105
92,105,104
93,94,106
93,106,105
94,95,107
94,107,106
95,96,108
95,108,107
96,97,109
96,109,108
97,98,110
97,110,109
98,99,111
98,111,110
99,100,112
99,112,111
101,1233,100
100,113,112
102,103,115
114,1234,115
103,104,116
103,116,115
104,105,117
104,117,116
105,106,118
105,118,117
106,107,119
106,119,118
107,108,120
107,120,119
108,109,121
108,121,120
109,110,122
109,122,121
110,111,123
110,123,122
111,112,124
111,124,123
113,1235,112
112,125,124
114,115,127
126,1236,127
115,116,128
115,128,127
116,117,129
116,129,128
117,118,130
117,130,129
118,119,131
118,131,130
119,120,132
119,132,131
120,121,133
120,133,132
121,122,134
121,134,133
122,123,135
122,135,134
123,124,136
123,136,135
125,1237,124
124,137,136
126,127,139
138,1238,139
127,128,140
127,140,139
128,129,141
128,141,140
129,130,142
129,142,141
130,131,143
130,143,142
131,132,144
131,144,143
132,133,145
132,145,144
133,134,146
133,146,145
134,135,147
134,147,146
135,136,148
135,148,147
137,1239,136
136,149,148
138,139,151
150,1240,151
139,140,152
139,152,151
140,141,153
140,153,152
141,142,154
141,154,153
142,143,155
142,155,154
143,144,156
143,156,155
144,145,157
144,157,156
145,146,158
145,158,157
146,147,159
146,159,158
147,148,160
147,160,159
149,1241,148
148,161,160
150,151,163
162,1242,163
151,152,164
151,164,163
152,153,165
152,165,164
153,154,166
153,166,165
154,155,167
154,167,166
155,156,168
155,168,167
156,157,169
156,169,168
157,158,170
157,170,169
158,159,171
158,171,170
159,160,172
159,172,171
161,1243,160
160,173,172
162,163,177
176,1244,177
163,164,178
163,178,177
164,165,179
164,179,178
165,166,180
165,180,179
166,167,181
166,181,180
167,168,182
167,182,181
168,169,183
168,183,182
169,170,184
169,184,183
170,171,185
170,185,184
171,172,186
171,186,185
172,173,187
172,187,186
173,1245,187
175,1246,190
189,1247,190
176,177,191
176,191,190
177,178,192
177,192,191
178,179,193
178,193,192
179,180,194
179,194,193
180,181,195
180,195,194
181,182,196
181,196,195
182,183,197
182,197,196
183,184,198
183,198,197
184,185,199
184,199,198
185,186,200
185,200,199
186,187,201
186,201,200
174,1248,187
187,188,201
189,190,204
203,1249,204
190,191,205
190,205,204
191,192,206
191,206,205
192,193,207
192,207,206
193,194,208
193,208,207
194,195,209
194,209,208
195,196,210
195,210,209
196,197,211
196,211,210
197,198,212
197,212,211
198,199,213
198,213,212
199,200,214
199,214,213
200,201,215
200,215,214
188,1250,201
201,202,215
202,1251,216
203,204,220
219,1252,220
204,205,221
204,221,220
205,206,222
205,222,221
206,207,223
206,223,222
207,208,224
207,224,223
208,209,225
208,225,224
209,210,226
209,226,225
210,211,227
210,227,226
211,212,228
211,228,227
212,213,229
212,229,228
213,214,230
213,230,229
214,215,231
214,231,230
215,202,216
215,216,231
217,1253,216
216,233,232
218,1254,235
234,1255,235
219,220,236
219,236,235
220,221,237
220,237,236
221,222,238
221,238,237
222,223,239
222,239,238
223,224,240
223,240,239
224,225,241
224,241,240
225,226,242
225,242,241
226,227,243
226,243,242
227,228,244
227,244,243
228,229,245
228,245,244
229,230,246
229,246,245
230,231,247
230,247,246
231,216,232
231,232,247
232,233,249
232,249,248
233,1256,249
234,235,253
252,1257,253
235,236,254
235,254,253
236,237,255
236,255,254
237,238,256
237,256,255
238,239,257
238,257,256
239,240,258
239,258,257
240,241,259
240,259,258
241,242,260
241,260,259
242,243,261
242,261,260
243,244,262
243,262,261
244,245,263
244,263,262
245,246,264
245,264,263
246,247,265
246,265,264
247,232,248
247,248,265
248,249,267
248,267,266
249,250,268
249,268,267
250,1258,268
251,1259,272
271,1260,272
252,253,273
252,273,272
253,254,274
253,274,273
254,255,275
254,275,274
255,256,276
255,276,275
256,257,277
256,277,276
257,258,278
257,278,277
258,259,279
258,279,278
259,260,280
259,280,279
260,261,281
260,281,280
261,262,282
261,282,281
262,263,283
262,283,282
263,264,284
263,284,283
264,265,285
264,285,284
265,248,266
265,266,285
266,267,287
266,287,286
267,268,288
267,288,287
268,269,289
268,289,288
269,1261,290
269,290,289
270,1262,291
270,291,290
271,272,292
271,292,291
272,273,293
272,293,292
273,274,294
273,294,293
274,275,295
274,295,294
275,276,296
275,296,295
276,277,297
276,297,296
277,278,298
277,298,297
278,279,299
278,299,298
279,280,300
279,300,299
280,281,301
280,301,300
281,282,302
281,302,301
282,283,303
282,303,302
283,284,304
283,304,303
284,285,305
284,305,304
285,266,286
285,286,305
286,287,307
286,307,306
287,288,308
287,308,307
288,289,309
288,309,308
289,290,310
289,310,309
290,291,311
290,311,310
291,292,312
291,312,311
292,293,313
292,313,312
293,294,314
293,314,313
294,295,315
294,315,314
295,296,316
295,316,315
296,297,317
296,317,316
297,298,318
297,318,317
298,299,319
298,319,318
299,300,320
299,320,319
300,301,321
300,321,320
301,302,322
301,322,321
302,303,323
302,323,322
303,304,324
303,324,323
304,305,325
304,325,324
305,286,306
305,306,325
306,307,327
306,327,326
307,308,328
307,328,327
308,309,329
308,329,328
309,310,330
309,330,329
310,311,331
310,331,330
311,312,332
311,332,331
312,313,333
312,333,332
313,314,334
313,334,333
314,315,335
314,335,334
315,316,336
315,336,335
316,317,337
316,337,336
317,318,338
317,338,337
318,319,339
318,339,338
319,320,340
319,340,339
320,321,341
320,341,340
321,322,342
321,342,341
322,323,343
322,343,342
323,324,344
323,344,343
324,325,345
324,345,344
325,306,326
325,326,345
326,327,347
326,347,346
327,328,348
327,348,347
328,329,349
328,349,348
329,330,350
329,350,349
330,331,351
330,351,350
331,332,352
331,352,351
332,333,353
332,353,352
333,334,354
333,354,353
334,335,355
334,355,354
335,336,356
335,356,355
336,337,357
336,357,356
337,338,358
337,358,357
338,339,359
338,359,358
339,340,360
339,360,359
340,341,361
340,361,360
341,342,362
341,362,361
342,343,363
342,363,362
343,344,364
343,364,363
344,345,365
344,365,364
345,326,346
345,346,365
346,347,367
346,367,366
347,348,368
347,368,367
348,349,369
348,369,368
349,350,370
349,370,369
350,351,371
350,371,370
351,352,372
351,372,371
352,353,373
352,373,372
353,354,374
353,374,373
354,355,375
354,375,374
355,356,376
355,376,375
356,357,377
356,377,376
357,358,378
357,378,377
358,359,379
358,379,378
359,360,380
359,380,379
360,361,381
360,381,380
361,362,382
361,382,381
362,363,383
362,383,382
363,364,384
363,384,383
364,365,385
364,385,384
365,346,366
365,366,385
366,367,387
366,387,386
367,368,388
367,388,387
368,369,389
368,389,388
369,370,390
369,390,389
370,371,391
370,391,390
371,372,392
371,392,391
372,373,393
372,393,392
373,374,394
373,394,393
374,375,395
374,395,394
375,376,396
375,396,395
376,377,397
376,397,396
377,378,398
377,398,397
378,379,399
378,399,398
379,380,400
379,400,399
380,381,401
380,401,400
381,382,402
381,402,401
382,383,403
382,403,402
383,384,404
383,404,403
384,385,405
384,405,404
385,366,386
385,386,405
386,387,407
386,407,406
387,388,408
387,408,407
388,389,409
388,409,408
389,390,410
389,410,409
390,391,411
390,411,410
391,392,412
391,412,411
392,393,413
392,413,412
393,394,414
393,414,413
394,395,415
394,415,414
395,396,416
395,416,415
396,397,417
396,417,416
397,398,418
397,418,417
398,399,419
398,419,418
399,400,420
399,420,419
400,401,421
400,421,420
401,402,422
401,422,421
402,403,423
402,423,422
403,404,424
403,424,423
404,405,425
404,425,424
405,386,406
405,406,425
406,407,427
406,427,426
407,408,428
407,428,427
408,409,429
408,429,428
409,410,430
409,430,429
410,411,431
410,431,430
411,412,432
411,432,431
412,413,433
412,433,432
413,414,434
413,434,433
414,415,435
414,435,434
415,416,436
415,436,435
416,417,437
416,437,436
417,418,438
417,438,437
418,419,439
418,439,438
419,420,440
419,440,439
420,421,441
420,441,440
421,422,442
421,442,441
422,423,443
422,443,442
423,424,444
423,444,443
424,425,445
424,445,444
425,406,426
425,426,445
426,427,447
426,447,446
427,428,448
427,448,447
428,429,449
428,449,448
429,430,450
429,450,449
430,431,451
430,451,450
431,432,452
431,452,451
432,433,453
432,453,452
433,434,454
433,454,453
434,435,455
434,455,454
435,436,456
435,456,455
436,437,457
436,457,456
437,438,458
437,458,457
438,439,459
438,459,458
439,440,460
439,460,459
440,441,461
440,461,460
441,442,462
441,462,461
442,443,463
442,463,462
443,444,464
443,464,463
444,445,465
444,465,464
445,426,446
445,446,465
446,447,467
446,467,466
447,448,468
447,468,467
448,449,469
448,469,468
449,450,470
449,470,469
450,451,471
450,471,470
451,452,472
451,472,471
452,453,473
452,473,472
453,454,474
453,474,473
454,455,475
454,475,474
455,456,476
455,476,475
456,457,477
456,477,476
457,458,478
457,478,477
458,459,479
458,479,478
459,460,480
459,480,479
460,461,481
460,481,480
461,462,482
461,482,481
462,463,483
462,483,482
463,464,484
463,484,483
464,465,485
464,485,484
465,446,466
465,466,485
466,467,487
466,487,486
467,468,488
467,488,487
468,469,489
468,489,488
469,470,490
469,490,489
470,471,491
470,491,490
471,472,492
471,492,491
472,473,493
472,493,492
473,474,494
473,494,493
474,475,495
474,495,494
475,476,496
475,496,495
476,477,497
476,497,496
477,478,498
477,498,497
478,479,499
478,499,498
479,480,500
479,500,499
480,481,501
480,501,500
481,482,502
481,502,501
482,483,503
482,503,502
483,484,504
483,504,503
484,485,505
484,505,504
485,466,486
485,486,505
486,487,507
486,507,506
487,488,508
487,508,507
488,489,509
488,509,508
489,490,510
489,510,509
490,491,511
490,511,510
491,492,512
491,512,511
492,493,513
492,513,512
493,494,514
493,514,513
494,495,515
494,515,514
495,496,516
495,516,515
496,497,517
496,517,516
497,498,518
497,518,517
498,499,519
498,519,518
499,500,520
499,520,519
500,501,521
500,521,520
501,502,522
501,522,521
502,503,523
502,523,522
503,504,524
503,524,523
504,505,525
504,525,524
505,486,506
505,506,525
506,507,527
506,527,526
507,508,528
507,528,527
508,509,529
508,529,528
509,510,530
509,530,529
510,511,531
510,531,530
511,512,532
511,532,531
512,513,533
512,533,532
513,514,534
513,534,533
514,515,535
514,535,534
515,516,536
515,536,535
516,517,537
516,537,536
517,518,538
517,538,537
518,519,539
518,539,538
519,520,540
519,540,539
520,521,541
520,541,540
521,522,542
521,542,541
522,523,543
522,543,542
523,524,544
523,544,543
524,525,545
524,545,544
525,506,526
525,526,545
526,527,547
526,547,546
527,528,548
527,548,547
528,529,549
528,549,548
529,530,550
529,550,549
530,531,551
530,551,550
531,532,552
531,552,551
532,533,553
532,553,552
533,534,554
533,554,553
534,535,555
534,555,554
535,536,556
535,556,555
536,537,557
536,557,556
537,538,558
537,558,557
538,539,559
538,559,558
539,540,560
539,560,559
540,541,561
540,561,560
541,542,562
541,562,561
542,543,563
542,563,562
543,544,564
543,564,563
544,545,565
544,565,564
545,526,546
545,546,565
546,547,567
546,567,566
547,548,568
547,568,567
548,549,569
548,569,568
549,550,570
549,570,569
550,551,571
550,571,570
551,552,572
551,572,571
552,553,573
552,573,572
553,554,574
553,574,573
554,555,575
554,575,574
555,556,576
555,576,575
556,557,577
556,577,576
557,558,578
557,578,577
558,559,579
558,579,578
559,560,580
559,580,579
560,561,581
560,581,580
561,562,582
561,582,581
562,563,583
562,583,582
563,564,584
563,584,583
564,565,585
564,585,584
565,546,566
565,566,585
566,567,587
566,587,586
567,568,588
567,588,587
568,569,589
568,589,588
569,570,590
569,590,589
570,571,591
570,591,590
571,572,592
571,592,591
572,573,593
572,593,592
573,574,594
573,594,593
574,575,595
574,595,594
575,576,596
575,596,595
576,577,597
576,597,596
577,578,598
577,598,597
578,579,599
578,599,598
579,580,600
579,600,599
580,581,601
580,601,600
581,582,602
581,602,601
582,583,603
582,603,602
583,584,604
583,604,603
584,585,605
584,605,604
585,566,586
585,586,605
586,587,607
586,607,606
587,588,608
587,608,607
588,589,609
588,609,608
589,590,610
589,610,609
590,591,611
590,611,610
591,592,612
591,612,611
592,593,613
592,613,612
593,594,614
593,614,613
594,595,615
594,615,614
595,596,616
595,616,615
596,597,617
596,617,616
597,598,618
597,618,617
598,599,619
598,619,618
599,600,620
599,620,619
600,601,621
600,621,620
601,602,622
601,622,621
602,603,623
602,623,622
603,604,624
603,624,623
604,605,625
604,625,624
605,586,606
605,606,625
606,607,627
606,627,626
607,608,628
607,628,627
608,609,629
608,629,628
609,610,630
609,630,629
610,611,631
610,631,630
611,612,632
611,632,631
612,613,633
612,633,632
613,614,634
613,634,633
614,615,635
614,635,634
615,616,636
615,636,635
616,617,637
616,637,636
617,618,638
617,638,637
618,619,639
618,639,638
619,620,640
619,640,639
620,621,641
620,641,640
621,622,642
621,642,641
622,623,643
622,643,642
623,624,644
623,644,643
624,625,645
624,645,644
625,606,626
625,626,645
626,627,647
626,647,646
627,628,648
627,648,647
628,629,649
628,649,648
629,630,650
629,650,649
630,631,651
630,651,650
631,632,652
631,652,651
632,633,653
632,653,652
633,634,654
633,654,653
634,635,655
634,655,654
635,636,656
635,656,655
636,637,657
636,657,656
637,638,658
637,658,657
638,639,659
638,659,658
639,640,660
639,660,659
640,641,661
640,661,660
641,642,662
641,662,661
642,643,663
642,663,662
643,644,664
643,664,663
644,645,665
644,665,664
645,626,646
645,646,665
646,647,667
646,667,666
647,648,668
647,668,667
648,649,669
648,669,668
649,650,670
649,670,669
650,651,671
650,671,670
651,652,672
651,672,671
652,653,673
652,673,672
653,654,674
653,674,673
654,655,675
654,675,674
655,656,676
655,676,675
656,657,677
656,677,676
657,658,678
657,678,677
658,659,679
658,679,678
659,660,680
659,680,679
660,661,681
660,681,680
661,662,682
661,682,681
662,663,683
662,683,682
663,664,684
663,684,683
664,665,685
664,685,684
665,646,666
665,666,685
666,667,687
666,687,686
667,668,688
667,688,687
668,669,689
668,689,688
669,670,690
669,690,689
670,671,691
670,691,690
671,672,692
671,692,691
672,673,693
672,693,692
673,674,694
673,694,693
674,675,695
674,695,694
675,676,696
675,696,695
676,677,697
676,697,696
677,678,698
677,698,697
678,679,699
678,699,698
679,680,700
679,700,699
680,681,701
680,701,700
681,682,702
681,702,701
682,683,703
682,703,702
683,684,704
683,704,703
684,685,705
684,705,704
685,666,686
685,686,705
686,687,707
686,707,706
687,688,708
687,708,707
688,689,709
688,709,708
689,690,710
689,710,709
690,691,711
690,711,710
691,692,712
691,712,711
692,693,713
692,713,712
693,694,714
693,714,713
694,695,715
694,715,714
695,696,716
695,716,715
696,697,717
696,717,716
697,698,718
697,718,717
698,699,719
698,719,718
699,700,720
699,720,719
700,701,721
700,721,720
701,702,722
701,722,721
702,703,723
702,723,722
703,704,724
703,724,723
704,705,725
704,725,724
705,686,706
705,706,725
706,707,727
706,727,726
707,708,728
707,728,727
708,709,729
708,729,728
709,710,730
709,730,729
710,711,731
710,731,730
711,712,732
711,732,731
712,713,733
712,733,732
713,714,734
713,734,733
714,715,735
714,735,734
715,716,736
715,736,735
716,717,737
716,737,736
717,718,738
717,738,737
718,719,739
718,739,738
719,720,740
719,740,739
720,721,741
720,741,740
721,722,742
721,742,741
722,723,743
722,743,742
723,724,744
723,744,743
724,725,745
724,745,744
725,706,726
725,726,745
726,727,747
726,747,746
727,728,748
727,748,747
728,729,749
728,749,748
729,730,750
729,750,749
730,731,751
730,751,750
731,732,752
731,752,751
732,733,753
732,753,752
733,734,754
733,754,753
734,735,755
734,755,754
735,736,756
735,756,755
736,737,757
736,757,756
737,738,758
737,758,757
738,739,759
738,759,758
739,740,760
739,760,759
740,741,761
740,761,760
741,742,762
741,762,761
742,743,763
742,763,762
743,744,764
743,764,763
744,745,765
744,765,764
745,726,746
745,746,765
746,747,767
746,767,766
747,748,768
747,768,767
748,749,769
748,769,768
749,750,770
749,770,769
750,751,771
750,771,770
751,752,772
751,772,771
752,753,773
752,773,772
753,754,774
753,774,773
754,755,775
754,775,774
755,756,776
755,776,775
756,757,777
756,777,776
757,758,778
757,778,777
758,759,779
758,779,778
759,760,780
759,780,779
760,761,781
760,781,780
761,762,782
761,782,781
762,763,783
762,783,782
763,764,784
763,784,783
764,765,785
764,785,784
765,746,766
765,766,785
766,767,787
766,787,786
767,768,788
767,788,787
768,769,789
768,789,788
769,770,790
769,790,789
770,771,791
770,791,790
771,772,792
771,792,791
772,773,793
772,793,792
773,774,794
773,794,793
774,775,795
774,795,794
775,776,796
775,796,795
776,777,797
776,797,796
777,778,798
777,798,797
778,779,799
778,799,798
779,780,800
779,800,799
780,781,801
780,801,800
781,782,802
781,802,801
782,783,803
782,803,802
783,784,804
783,804,803
784,785,805
784,805,804
785,766,786
785,786,805
786,787,807
786,807,806
787,788,808
787,808,807
788,789,809
788,809,808
789,790,810
789,810,809
790,791,811
790,811,810
791,792,812
791,812,811
792,793,813
792,813,812
793,794,814
793,814,813
794,795,815
794,815,814
795,796,816
795,816,815
796,797,817
796,817,816
797,798,818
797,818,817
798,799,819
798,819,818
799,800,820
799,820,819
800,801,821
800,821,820
801,802,822
801,822,821
802,803,823
802,823,822
803,804,824
803,824,823
804,805,825
804,825,824
805,786,806
805,806,825
806,807,827
806,827,826
807,808,828
807,828,827
808,809,829
808,829,828
809,810,830
809,830,829
810,811,831
810,831,830
811,812,832
811,832,831
812,813,833
812,833,832
813,814,834
813,834,833
814,815,835
814,835,834
815,816,836
815,836,835
816,817,837
816,837,836
817,818,838
817,838,837
818,819,839
818,839,838
819,820,840
819,840,839
820,821,841
820,841,840
821,822,842
821,842,841
822,823,843
822,843,842
823,824,844
823,844,843
824,825,845
824,845,844
825,806,826
825,826,845
826,827,847
826,847,846
827,828,848
827,848,847
828,829,849
828,849,848
829,830,850
829,850,849
830,831,851
830,851,850
831,832,852
831,852,851
832,833,853
832,853,852
833,834,854
833,854,853
834,835,855
834,855,854
835,836,856
835,856,855
836,837,857
836,857,856
837,838,858
837,858,857
838,839,859
838,859,858
839,840,860
839,860,859
840,841,861
840,861,860
841,842,862
841,862,861
842,843,863
842,863,862
843,844,864
843,864,863
844,845,865
844,865,864
845,826,846
845,846,865
846,847,867
846,867,866
847,848,868
847,868,867
848,849,869
848,869,868
849,850,870
849,870,869
850,851,871
850,871,870
851,852,872
851,872,871
852,853,873
852,873,872
853,854,874
853,874,873
854,855,875
854,875,874
855,856,876
855,876,875
856,857,877
856,877,876
857,858,878
857,878,877
858,859,879
858,879,878
859,860,880
859,880,879
860,861,881
860,881,880
861,862,882
861,882,881
862,863,883
862,883,882
863,864,884
863,884,883
864,865,885
864,885,884
865,846,866
865,866,885
866,867,887
866,887,886
867,868,888
867,888,887
868,869,889
868,889,888
869,870,890
869,890,889
870,871,891
870,891,890
871,872,892
871,892,891
872,873,893
872,893,892
873,874,894
873,894,893
874,875,895
874,895,894
875,876,896
875,896,895
876,877,897
876,897,896
877,878,898
877,898,897
878,879,899
878,899,898
879,880,900
879,900,899
880,881,901
880,901,900
881,882,902
881,902,901
882,883,903
882,903,902
883,884,904
883,904,903
884,885,905
884,905,904
885,866,886
885,886,905
886,887,907
886,907,906
887,888,908
887,908,907
888,889,909
888,909,908
889,890,910
889,910,909
890,891,911
890,911,910
891,892,912
891,912,911
892,893,913
892,913,912
893,894,914
893,914,913
894,895,915
894,915,914
895,896,916
895,916,915
896,897,917
896,917,916
897,898,918
897,918,917
898,899,919
898,919,918
899,900,920
899,920,919
900,901,921
900,921,920
901,902,922
901,922,921
902,903,923
902,923,922
903,904,924
903,924,923
904,905,925
904,925,924
905,886,906
905,906,925
906,907,927
906,927,926
907,908,928
907,928,927
908,909,929
908,929,928
909,910,930
909,930,929
910,911,931
910,931,930
911,912,932
911,932,931
912,913,933
912,933,932
913,914,934
913,934,933
914,915,935
914,935,934
915,916,936
915,936,935
916,917,937
916,937,936
917,918,938
917,938,937
918,919,939
918,939,938
919,920,940
919,940,939
920,921,941
920,941,940
921,922,942
921,942,941
922,923,943
922,943,942
923,924,944
923,944,943
924,925,945
924,945,944
925,906,926
925,926,945
926,927,947
926,947,946
927,928,948
927,948,947
928,929,949
928,949,948
929,930,950
929,950,949
930,931,951
930,951,950
931,932,952
931,952,951
932,933,953
932,953,952
933,934,954
933,954,953
934,935,955
934,955,954
935,936,956
935,956,955
936,937,957
936,957,956
937,938,958
937,958,957
938,939,959
938,959,958
939,940,960
939,960,959
940,941,961
940,961,960
941,942,962
941,962,961
942,943,963
942,963,962
943,944,964
943,964,963
944,945,965
944,965,964
945,926,946
945,946,965
946,947,967
946,967,966
947,948,968
947,968,967
948,949,969
948,969,968
949,950,970
949,970,969
950,951,971
950,971,970
951,952,972
951,972,971
952,953,973
952,973,972
953,954,974
953,974,973
954,955,975
954,975,974
955,956,976
955,976,975
956,957,977
956,977,976
957,958,978
957,978,977
958,959,979
958,979,978
959,960,980
959,980,979
960,961,981
960,981,980
961,962,982
961,982,981
962,963,983
962,983,982
963,964,984
963,984,983
964,965,985
964,985,984
965,946,966
965,966,985
966,967,987
966,987,986
967,968,988
967,988,987
968,969,989
968,989,988
969,970,990
969,990,989
970,971,991
970,991,990
971,972,992
971,992,991
972,973,993
972,993,992
973,974,994
973,994,993
974,975,995
974,995,994
975,976,996
975,996,995
976,977,997
976,997,996
977,978,998
977,998,997
978,979,999
978,999,998
979,980,1000
979,1000,999
980,981,1001
980,1001,1000
981,982,1002
981,1002,1001
982,983,1003
982,1003,1002
983,984,1004
983,1004,1003
984,985,1005
984,1005,1004
985,966,986
985,986,1005
986,987,1007
986,1007,1006
987,988,1008
987,1008,1007
988,989,1009
988,1009,1008
989,990,1010
989,1010,1009
990,991,1011
990,1011,1010
991,992,1012
991,1012,1011
992,993,1013
992,1013,1012
993,994,1014
993,1014,1013
994,995,1015
994,1015,1014
995,996,1016
995,1016,1015
996,997,1017
996,1017,1016
997,998,1018
997,1018,1017
998,999,1019
998,1019,1018
999,1000,1020
999,1020,1019
1000,1001,1021
1000,1021,1020
1001,1002,1022
1001,1022,1021
1002,1003,1023
1002,1023,1022
1003,1004,1024
1003,1024,1023
1004,1005,1025
1004,1025,1024
1005,986,1006
1005,1006,1025
1006,1007,1027
1006,1027,1026
1007,1008,1028
1007,1028,1027
1008,1009,1029
1008,1029,1028
1009,1010,1030
1009,1030,1029
1010,1011,1031
1010,1031,1030
1011,1012,1032
1011,1032,1031
1012,1013,1033
1012,1033,1032
1013,1014,1034
1013,1034,1033
1014,1015,1035
1014,1035,1034
1015,1016,1036
1015,1036,1035
1016,1017,1037
1016,1037,1036
1017,1018,1038
1017,1038,1037
1018,1019,1039
1018,1039,1038
1019,1020,1040
1019,1040,1039
1020,1021,1041
1020,1041,1040
1021,1022,1042
1021,1042,1041
1022,1023,1043
1022,1043,1042
1023,1024,1044
1023,1044,1043
1024,1025,1045
1024,1045,1044
1025,1006,1026
1025,1026,1045
1026,1027,1047
1026,1047,1046
1027,1028,1048
1027,1048,1047
1028,1029,1049
1028,1049,1048
1029,1030,1050
1029,1050,1049
1030,1031,1051
1030,1051,1050
1031,1032,1052
1031,1052,1051
1032,1033,1053
1032,1053,1052
1033,1034,1054
1033,1054,1053
1034,1035,1055
1034,1055,1054
1035,1036,1056
1035,1056,1055
1036,1037,1057
1036,1057,1056
1037,1038,1058
1037,1058,1057
1038,1039,1059
1038,1059,1058
1039,1040,1060
1039,1060,1059
1040,1041,1061
1040,1061,1060
1041,1042,1062
1041,1062,1061
1042,1043,1063
1042,1063,1062
1043,1044,1064
1043,1064,1063
1044,1045,1065
1044,1065,1064
1045,1026,1046
1045,1046,1065
1046,1047,1067
1046,1067,1066
1047,1048,1068
1047,1068,1067
1048,1049,1069
1048,1069,1068
1049,1050,1070
1049,1070,1069
1050,1051,1071
1050,1071,1070
1051,1052,1072
1051,1072,1071
1052,1053,1073
1052,1073,1072
1053,1054,1074
1053,1074,1073
1054,1055,1075
1054,1075,1074
1055,1056,1076
1055,1076,1075
1056,1057,1077
1056,1077,1076
1057,1058,1078
1057,1078,1077
1058,1059,1079
1058,1079,1078
1059,1060,1080
1059,1080,1079
1060,1061,1081
1060,1081,1080
1061,1062,1082
1061,1082,1081
1062,1063,1083
1062,1083,1082
1063,1064,1084
1063,1084,1083
1064,1065,1085
1064,1085,1084
1065,1046,1066
1065,1066,1085
1066,1067,1087
1066,1087,1086
1067,1068,1088
1067,1088,1087
1068,1069,1089
1068,1089,1088
1069,1070,1090
1069,1090,1089
1070,1071,1091
1070,1091,1090
1071,1072,1092
1071,1092,1091
1072,1073,1093
1072,1093,1092
1073,1074,1094
1073,1094,1093
1074,1075,1095
1074,1095,1094
1075,1076,1096
1075,1096,1095
1076,1077,1097
1076,1097,1096
1077,1078,1098
1077,1098,1097
1078,1079,1099
1078,1099,1098
1079,1080,1100
1079,1100,1099
1080,1081,1101
1080,1101,1100
1081,1082,1102
1081,1102,1101
1082,1083,1103
1082,1103,1102
1083,1084,1104
1083,1104,1103
1084,1085,1105
1084,1105,1104
1085,1066,1086
1085,1086,1105
1086,1087,1107
1086,1107,1106
1087,1088,1108
1087,1108,1107
1088,1089,1109
1088,1109,1108
1089,1090,1110
1089,1110,1109
1090,1091,1111
1090,1111,1110
1091,1092,1112
1091,1112,1111
1092,1093,1113
1092,1113,1112
1093,1094,1114
1093,1114,1113
1094,1095,1115
1094,1115,1114
1095,1096,1116
1095,1116,1115
1096,1097,1117
1096,1117,1116
1097,1098,1118
1097,1118,1117
1098,1099,1119
1098,1119,1118
1099,1100,1120
1099,1120,1119
1100,1101,1121
1100,1121,1120
1101,1102,1122
1101,1122,1121
1102,1103,1123
1102,1123,1122
1103,1104,1124
1103,1124,1123
1104,1105,1125
1104,1125,1124
1105,1086,1106
1105,1106,1125
1106,1107,1127
1106,1127,1126
1107,1108,1128
1107,1128,1127
1108,1109,1129
1108,1129,1128
1109,1110,1130
1109,1130,1129
1110,1111,1131
1110,1131,1130
1111,1112,1132
1111,1132,1131
1112,1113,1133
1112,1133,1132
1113,1114,1134
1113,1134,1133
1114,1115,1135
1114,1135,1134
1115,1116,1136
1115,1136,1135
1116,1117,1137
1116,1137,1136
1117,1118,1138
1117,1138,1137
1118,1119,1139
1118,1139,1138
1119,1120,1140
1119,1140,1139
1120,1121,1141
1120,1141,1140
1121,1122,1142
1121,1142,1141
1122,1123,1143
1122,1143,1142
1123,1124,1144
1123,1144,1143
1124,1125,1145
1124,1145,1144
1125,1106,1126
1125,1126,1145
1126,1127,1147
1126,1147,1146
1127,1128,1148
1127,1148,1147
1128,1129,1149
1128,1149,1148
1129,1130,1150
1129,1150,1149
1130,1131,1151
1130,1151,1150
1131,1132,1152
1131,1152,1151
1132,1133,1153
1132,1153,1152
1133,1134,1154
1133,1154,1153
1134,1135,1155
1134,1155,1154
1135,1136,1156
1135,1156,1155
1136,1137,1157
1136,1157,1156
1137,1138,1158
1137,1158,1157
1138,1139,1159
1138,1159,1158
1139,1140,1160
1139,1160,1159
1140,1141,1161
1140,1161,1160
1141,1142,1162
1141,1162,1161
1142,1143,1163
1142,1163,1162
1143,1144,1164
1143,1164,1163
1144,1145,1165
1144,1165,1164
1145,1126,1146
1145,1146,1165
1146,1147,1167
1146,1167,1166
1147,1148,1168
1147,1168,1167
1148,1149,1169
1148,1169,1168
1149,1150,1170
1149,1170,1169
1150,1151,1171
1150,1171,1170
1151,1152,1172
1151,1172,1171
1152,1153,1173
1152,1173,1172
1153,1154,1174
1153,1174,1173
1154,1155,1175
1154,1175,1174
1155,1156,1176
1155,1176,1175
1156,1157,1177
1156,1177,1176
1157,1158,1178
1157,1178,1177
1158,1159,1179
1158,1179,1178
1159,1160,1180
1159,1180,1179
1160,1161,1181
1160,1181,1180
1161,1162,1182
1161,1182,1181
1162,1163,1183
1162,1183,1182
1163,1164,1184
1163,1184,1183
1164,1165,1185
1164,1185,1184
1165,1146,1166
1165,1166,1185
1166,1167,1187
1166,1187,1186
1167,1168,1188
1167,1188,1187
1168,1169,1189
1168,1189,1188
1169,1170,1190
1169,1190,1189
1170,1171,1191
1170,1191,1190
1171,1172,1192
1171,1192,1191
1172,1173,1193
1172,1193,1192
1173,1174,1194
1173,1194,1193
1174,1175,1195
1174,1195,1194
1175,1176,1196
1175,1196,1195
1176,1177,1197
1176,1197,1196
1177,1178,1198
1177,1198,1197
1178,1179,1199
1178,1199,1198
1179,1180,1200
1179,1200,1199
1180,1181,1201
1180,1201,1200
1181,1182,1202
1181,1202,1201
1182,1183,1203
1182,1203,1202
1183,1184,1204
1183,1204,1203
1184,1185,1205
1184,1205,1204
1185,1166,1186
1185,1186,1205
1186,1187,1206
1187,1188,1206
1188,1189,1206
1189,1190,1206
1190,1191,1206
1191,1192,1206
1192,1193,1206
1193,1194,1206
1194,1195,1206
1195,1196,1206
1196,1197,1206
1197,1198,1206
1198,1199,1206
1199,1200,1206
1200,1201,1206
1201,1202,1206
1202,1203,1206
1203,1204,1206
1204,1205,1206
1205,1186,1206
1207,78,91
1208,101,88
1209,66,79
1210,89,76
1211,54,67
1212,77,64
1213,43,55
1214,44,55
1215,65,64
1216,33,45
1217,53,41
1218,23,34
1219,42,31
1220,14,24
1221,15,24
1222,32,31
1223,7,16
1224,22,21
1225,1,8
1226,2,8
1227,3,9
1228,4,10
1229,5,11
1230,6,12
1231,13,12
1232,90,103
1233,113,100
1234,102,115
1235,125,112
1236,114,127
1237,137,124
1238,126,139
1239,149,136
1240,138,151
1241,161,148
1242,150,163
1243,173,160
1244,162,177
1245,174,187
1246,176,190
1247,175,190
1248,188,187
1249,189,204
1250,202,201
1251,217,216
1252,203,220
1253,233,216
1254,219,235
1255,218,235
1256,250,249
1257,234,253
1258,269,268
1259,252,272
1260,251,272
1261,270,290
1262,271,291
1263,2332,1270
1269,2333,1270
1264,2334,1271
1264,1271,1270
1265,2335,1271
1266,2336,1275
1274,2337,1275
1267,2338,1276
1267,1276,1275
1268,2339,1277
1268,1277,1276
1269,1270,1278
1269,1278,1277
1270,1271,1279
1270,1279,1278
1271,1272,1280
1271,1280,1279
1272,2340,1280
1273,2341,1286
1273,1286,1285
1274,1275,1287
1274,1287,1286
1275,1276,1288
1275,1288,1287
1276,1277,1289
1276,1289,1288
1277,1278,1290
1277,1290,1289
1278,1279,1291
1278,1291,1290
1279,1280,1292
1279,1292,1291
1280,1281,1293
1280,1293,1292
1281,2342,1293
1282,2343,1296
1295,2344,1296
1283,2345,1297
1283,1297,1296
1284,2346,1285
1284,1285,1297
1285,1286,1299
1285,1299,1298
1286,1287,1300
1286,1300,1299
1287,1288,1301
1287,1301,1300
1288,1289,1302
1288,1302,1301
1289,1290,1303
1289,1303,1302
1290,1291,1304
1290,1304,1303
1291,1292,1305
1291,1305,1304
1292,1293,1306
1292,1306,1305
1293,1294,1307
1293,1307,1306
1294,2347,1307
1295,1296,1311
1310,2348,1311
1296,1297,1312
1296,1312,1311
1297,1285,1298
1297,1298,1312
1298,1299,1314
1298,1314,1313
1299,1300,1315
1299,1315,1314
1300,1301,1316
1300,1316,1315
1301,1302,1317
1301,1317,1316
1302,1303,1318
1302,1318,1317
1303,1304,1319
1303,1319,1318
1304,1305,1320
1304,1320,1319
1305,1306,1321
1305,1321,1320
1306,1307,1322
1306,1322,1321
1307,1308,1323
1307,1323,1322
1308,2349,1323
1309,2350,1328
1327,2351,1328
1310,1311,1329
1310,1329,1328
1311,1312,1330
1311,1330,1329
1312,1298,1313
1312,1313,1330
1313,1314,1332
1313,1332,1331
1314,1315,1333
1314,1333,1332
1315,1316,1334
1315,1334,1333
1316,1317,1335
1316,1335,1334
1317,1318,1336
1317,1336,1335
1318,1319,1337
1318,1337,1336
1319,1320,1338
1319,1338,1337
1320,1321,1339
1320,1339,1338
1321,1322,1340
1321,1340,1339
1322,1323,1341
1322,1341,1340
1323,1324,1342
1323,1342,1341
1324,2352,1342
1325,2353,1346
1345,2354,1346
1326,2355,1347
1326,1347,1346
1327,1328,1348
1327,1348,1347
1328,1329,1349
1328,1349,1348
1329,1330,1350
1329,1350,1349
1330,1313,1331
1330,1331,1350
1331,1332,1352
1331,1352,1351
1332,1333,1353
1332,1353,1352
1333,1334,1354
1333,1354,1353
1334,1335,1355
1334,1355,1354
1335,1336,1356
1335,1356,1355
1336,1337,1357
1336,1357,1356
1337,1338,1358
1337,1358,1357
1338,1339,1359
1338,1359,1358
1339,1340,1360
1339,1360,1359
1340,1341,1361
1340,1361,1360
1341,1342,1362
1341,1362,1361
1342,1343,1363
1342,1363,1362
1343,2356,1364
1343,1364,1363
1344,2357,1365
1344,1365,1364
1345,1346,1366
1345,1366,1365
1346,1347,1367
1346,1367,1366
1347,1348,1368
1347,1368,1367
1348,1349,1369
1348,1369,1368
1349,1350,1370
1349,1370,1369
1350,1331,1351
1350,1351,1370
1351,1352,1372
1351,1372,1371
1352,1353,1373
1352,1373,1372
1353,1354,1374
1353,1374,1373
1354,1355,1375
1354,1375,1374
1355,1356,1376
1355,1376,1375
1356,1357,1377
1356,1377,1376
1357,1358,1378
1357,1378,1377
1358,1359,1379
1358,1379,1378
1359,1360,1380
1359,1380,1379
1360,1361,1381
1360,1381,1380
1361,1362,1382
1361,1382,1381
1362,1363,1383
1362,1383,1382
1363,1364,1384
1363,1384,1383
1364,1365,1385
1364,1385,1384
1365,1366,1386
1365,1386,1385
1366,1367,1387
1366,1387,1386
1367,1368,1388
1367,1388,1387
1368,1369,1389
1368,1389,1388
1369,1370,1390
1369,1390,1389
1370,1351,1371
1370,1371,1390
1371,1372,1392
1371,1392,1391
1372,1373,1393
1372,1393,1392
1373,1374,1394
1373,1394,1393
1374,1375,1395
1374,1395,1394
1375,1376,1396
1375,1396,1395
1376,1377,1397
1376,1397,1396
1377,1378,1398
1377,1398,1397
1378,1379,1399
1378,1399,1398
1379,1380,1400
1379,1400,1399
1380,1381,1401
1380,1401,1400
1381,1382,1402
1381,1402,1401
1382,1383,1403
1382,1403,1402
1383,1384,1404
1383,1404,1403
1384,1385,1405
1384,1405,1404
1385,1386,1406
1385,1406,1405
1386,1387,1407
1386,1407,1406
1387,1388,1408
1387,1408,1407
1388,1389,1409
1388,1409,1408
1389,1390,1410
1389,1410,1409
1390,1371,1391
1390,1391,1410
1391,1392,1412
1391,1412,1411
1392,1393,1413
1392,1413,1412
1393,1394,1414
1393,1414,1413
1394,1395,1415
1394,1415,1414
1395,1396,1416
1395,1416,1415
1396,1397,1417
1396,1417,1416
1397,1398,1418
1397,1418,1417
1398,1399,1419
1398,1419,1418
1399,1400,1420
1399,1420,1419
1400,1401,1421
1400,1421,1420
1401,1402,1422
1401,1422,1421
1402,1403,1423
1402,1423,1422
1403,1404,1424
1403,1424,1423
1404,1405,1425
1404,1425,1424
1405,1406,1426
1405,1426,1425
1406,1407,1427
1406,1427,1426
1407,1408,1428
1407,1428,1427
1408,1409,1429
1408,1429,1428
1409,1410,1430
1409,1430,1429
1410,1391,1411
1410,1411,1430
1411,1412,1432
1411,1432,1431
1412,1413,1433
1412,1433,1432
1413,1414,1434
1413,1434,1433
1414,1415,1435
1414,1435,1434
1415,1416,1436
1415,1436,1435
1416,1417,1437
1416,1437,1436
1417,1418,1438
1417,1438,1437
1418,1419,1439
1418,1439,1438
1419,1420,1440
1419,1440,1439
1420,1421,1441
1420,1441,1440
1421,1422,1442
1421,1442,1441
1422,1423,1443
1422,1443,1442
1423,1424,1444
1423,1444,1443
1424,1425,1445
1424,1445,1444
1425,1426,1446
1425,1446,1445
1426,1427,1447
1426,1447,1446
1427,1428,1448
1427,1448,1447
1428,1429,1449
1428,1449,1448
1429,1430,1450
1429,1450,1449
1430,1411,1431
1430,1431,1450
1431,1432,1452
1431,1452,1451
1432,1433,1453
1432,1453,1452
1433,1434,1454
1433,1454,1453
1434,1435,1455
1434,1455,1454
1435,1436,1456
1435,1456,1455
1436,1437,1457
1436,1457,1456
1437,1438,1458
1437,1458,1457
1438,1439,1459
1438,1459,1458
1439,1440,1460
1439,1460,1459
1440,1441,1461
1440,1461,1460
1441,1442,1462
1441,1462,1461
1442,1443,1463
1442,1463,1462
1443,1444,1464
1443,1464,1463
1444,1445,1465
1444,1465,1464
1445,1446,1466
1445,1466,1465
1446,1447,1467
1446,1467,1466
1447,1448,1468
1447,1468,1467
1448,1449,1469
1448,1469,1468
1449,1450,1470
1449,1470,1469
1450,1431,1451
1450,1451,1470
1451,1452,1472
1451,1472,1471
1452,1453,1473
1452,1473,1472
1453,1454,1474
1453,1474,1473
1454,1455,1475
1454,1475,1474
1455,1456,1476
1455,1476,1475
1456,1457,1477
1456,1477,1476
1457,1458,1478
1457,1478,1477
1458,1459,1479
1458,1479,1478
1459,1460,1480
1459,1480,1479
1460,1461,1481
1460,1481,1480
1461,1462,1482
1461,1482,1481
1462,1463,1483
1462,1483,1482
1463,1464,1484
1463,1484,1483
1464,1465,1485
1464,1485,1484
1465,1466,1486
1465,1486,1485
1466,1467,1487
1466,1487,1486
1467,1468,1488
1467,1488,1487
1468,1469,1489
1468,1489,1488
1469,1470,1490
1469,1490,1489
1470,1451,1471
1470,1471,1490
1471,1472,1492
1471,1492,1491
1472,1473,1493
1472,1493,1492
1473,1474,1494
1473,1494,1493
1474,1475,1495
1474,1495,1494
1475,1476,1496
1475,1496,1495
1476,1477,1497
1476,1497,1496
1477,1478,1498
1477,1498,1497
1478,1479,1499
1478,1499,1498
1479,1480,1500
1479,1500,1499
1480,1481,1501
1480,1501,1500
1481,1482,1502
1481,1502,1501
1482,1483,1503
1482,1503,1502
1483,1484,1504
1483,1504,1503
1484,1485,1505
1484,1505,1504
1485,1486,1506
1485,1506,1505
1486,1487,1507
1486,1507,1506
1487,1488,1508
1487,1508,1507
1488,1489,1509
1488,1509,1508
1489,1490,1510
1489,1510,1509
1490,1471,1491
1490,1491,1510
1491,1492,1512
1491,1512,1511
1492,1493,1513
1492,1513,1512
1493,1494,1514
1493,1514,1513
1494,1495,1515
1494,1515,1514
1495,1496,1516
1495,1516,1515
1496,1497,1517
1496,1517,1516
1497,1498,1518
1497,1518,1517
1498,1499,1519
1498,1519,1518
1499,1500,1520
1499,1520,1519
1500,1501,1521
1500,1521,1520
1501,1502,1522
1501,1522,1521
1502,1503,1523
1502,1523,1522
1503,1504,1524
1503,1524,1523
1504,1505,1525
1504,1525,1524
1505,1506,1526
1505,1526,1525
1506,1507,1527
1506,1527,1526
1507,1508,1528
1507,1528,1527
1508,1509,1529
1508,1529,1528
1509,1510,1530
1509,1530,1529
1510,1491,1511
1510,1511,1530
1511,1512,1532
1511,1532,1531
1512,1513,1533
1512,1533,1532
1513,1514,1534
1513,1534,1533
1514,1515,1535
1514,1535,1534
1515,1516,1536
1515,1536,1535
1516,1517,1537
1516,1537,1536
1517,1518,1538
1517,1538,1537
1518,1519,1539
1518,1539,1538
1519,1520,1540
1519,1540,1539
1520,1521,1541
1520,1541,1540
1521,1522,1542
1521,1542,1541
1522,1523,1543
1522,1543,1542
1523,1524,1544
1523,1544,1543
1524,1525,1545
1524,1545,1544
1525,1526,1546
1525,1546,1545
1526,1527,1547
1526,1547,1546
1527,1528,1548
1527,1548,1547
1528,1529,1549
1528,1549,1548
1529,1530,1550
1529,1550,1549
1530,1511,1531
1530,1531,1550
1531,1532,1552
1531,1552,1551
1532,1533,1553
1532,1553,1552
1533,1534,1554
1533,1554,1553
1534,1535,1555
1534,1555,1554
1535,1536,1556
1535,1556,1555
1536,1537,1557
1536,1557,1556
1537,1538,1558
1537,1558,1557
1538,1539,1559
1538,1559,1558
1539,1540,1560
1539,1560,1559
1540,1541,1561
1540,1561,1560
1541,1542,1562
1541,1562,1561
1542,1543,1563
1542,1563,1562
1543,1544,1564
1543,1564,1563
1544,1545,1565
1544,1565,1564
1545,1546,1566
1545,1566,1565
1546,1547,1567
1546,1567,1566
1547,1548,1568
1547,1568,1567
1548,1549,1569
1548,1569,1568
1549,1550,1570
1549,1570,1569
1550,1531,1551
1550,1551,1570
1551,1552,1572
1551,1572,1571
1552,1553,1573
1552,1573,1572
1553,1554,1574
1553,1574,1573
1554,1555,1575
1554,1575,1574
1555,1556,1576
1555,1576,1575
1556,1557,1577
1556,1577,1576
1557,1558,1578
1557,1578,1577
1558,1559,1579
1558,1579,1578
1559,1560,1580
1559,1580,1579
1560,1561,1581
1560,1581,1580
1561,1562,1582
1561,1582,1581
1562,1563,1583
1562,1583,1582
1563,1564,1584
1563,1584,1583
1564,1565,1585
1564,1585,1584
1565,1566,1586
1565,1586,1585
1566,1567,1587
1566,1587,1586
1567,1568,1588
1567,1588,1587
1568,1569,1589
1568,1589,1588
1569,1570,1590
1569,1590,1589
1570,1551,1571
1570,1571,1590
1571,1572,1592
1571,1592,1591
1572,1573,1593
1572,1593,1592
1573,1574,1594
1573,1594,1593
1574,1575,1595
1574,1595,1594
1575,1576,1596
1575,1596,1595
1576,1577,1597
1576,1597,1596
1577,1578,1598
1577,1598,1597
1578,1579,1599
1578,1599,1598
1579,1580,1600
1579,1600,1599
1580,1581,1601
1580,1601,1600
1581,1582,1602
1581,1602,1601
1582,1583,1603
1582,1603,1602
1583,1584,1604
1583,1604,1603
1584,1585,1605
1584,1605,1604
1585,1586,1606
1585,1606,1605
1586,1587,1607
1586,1607,1606
1587,1588,1608
1587,1608,1607
1588,1589,1609
1588,1609,1608
1589,1590,1610
1589,1610,1609
1590,1571,1591
1590,1591,1610
1591,1592,1612
1591,1612,1611
1592,1593,1613
1592,1613,1612
1593,1594,1614
1593,1614,1613
1594,1595,1615
1594,1615,1614
1595,1596,1616
1595,1616,1615
1596,1597,1617
1596,1617,1616
1597,1598,1618
1597,1618,1617
1598,1599,1619
1598,1619,1618
1599,1600,1620
1599,1620,1619
1600,1601,1621
1600,1621,1620
1601,1602,1622
1601,1622,1621
1602,1603,1623
1602,1623,1622
1603,1604,1624
1603,1624,1623
1604,1605,1625
1604,1625,1624
1605,1606,1626
1605,1626,1625
1606,1607,1627
1606,1627,1626
1607,1608,1628
1607,1628,1627
1608,1609,1629
1608,1629,1628
1609,1610,1630
1609,1630,1629
1610,1591,1611
1610,1611,1630
1611,1612,1632
1611,1632,1631
1612,1613,1633
1612,1633,1632
1613,1614,1634
1613,1634,1633
1614,1615,1635
1614,1635,1634
1615,1616,1636
1615,1636,1635
1616,1617,1637
1616,1637,1636
1617,1618,1638
1617,1638,1637
1618,1619,1639
1618,1639,1638
1619,1620,1640
1619,1640,1639
1620,1621,1641
1620,1641,1640
1621,1622,1642
1621,1642,1641
1622,1623,1643
1622,1643,1642
1623,1624,1644
1623,1644,1643
1624,1625,1645
1624,1645,1644
1625,1626,1646
1625,1646,1645
1626,1627,1647
1626,1647,1646
1627,1628,1648
1627,1648,1647
1628,1629,1649
1628,1649,1648
1629,1630,1650
1629,1650,1649
1630,1611,1631
1630,1631,1650
1631,1632,1652
1631,1652,1651
1632,1633,1653
1632,1653,1652
1633,1634,1654
1633,1654,1653
1634,1635,1655
1634,1655,1654
1635,1636,1656
1635,1656,1655
1636,1637,1657
1636,1657,1656
1637,1638,1658
1637,1658,1657
1638,1639,1659
1638,1659,1658
1639,1640,1660
1639,1660,1659
1640,1641,1661
1640,1661,1660
1641,1642,1662
1641,1662,1661
1642,1643,1663
1642,1663,1662
1643,1644,1664
1643,1664,1663
1644,1645,1665
1644,1665,1664
1645,1646,1666
1645,1666,1665
1646,1647,1667
1646,1667,1666
1647,1648,1668
1647,1668,1667
1648,1649,1669
1648,1669,1668
1649,1650,1670
1649,1670,1669
1650,1631,1651
1650,1651,1670
1651,1652,1672
1651,1672,1671
1652,1653,1673
1652,1673,1672
1653,1654,1674
1653,1674,1673
1654,1655,1675
1654,1675,1674
1655,1656,1676
1655,1676,1675
1656,1657,1677
1656,1677,1676
1657,1658,1678
1657,1678,1677
1658,1659,1679
1658,1679,1678
1659,1660,1680
1659,1680,1679
1660,1661,1681
1660,1681,1680
1661,1662,1682
1661,1682,1681
1662,1663,1683
1662,1683,1682
1663,1664,1684
1663,1684,1683
1664,1665,1685
1664,1685,1684
1665,1666,1686
1665,1686,1685
1666,1667,1687
1666,1687,1686
1667,1668,1688
1667,1688,1687
1668,1669,1689
1668,1689,1688
1669,1670,1690
1669,1690,1689
1670,1651,1671
1670,1671,1690
1671,1672,1692
1671,1692,1691
1672,1673,1693
1672,1693,1692
1673,1674,1694
1673,1694,1693
1674,1675,1695
1674,1695,1694
1675,1676,1696
1675,1696,1695
1676,1677,1697
1676,1697,1696
1677,1678,1698
1677,1698,1697
1678,1679,1699
1678,1699,1698
1679,1680,1700
1679,1700,1699
1680,1681,1701
1680,1701,1700
1681,1682,1702
1681,1702,1701
1682,1683,1703
1682,1703,1702
1683,1684,1704
1683,1704,1703
1684,1685,1705
1684,1705,1704
1685,1686,1706
1685,1706,1705
1686,1687,1707
1686,1707,1706
1687,1688,1708
1687,1708,1707
1688,1689,1709
1688,1709,1708
1689,1690,1710
1689,1710,1709
1690,1671,1691
1690,1691,1710
1691,1692,1712
1691,1712,1711
1692,1693,1713
1692,1713,1712
1693,1694,1714
1693,1714,1713
1694,1695,1715
1694,1715,1714
1695,1696,1716
1695,1716,1715
1696,1697,1717
1696,1717,1716
1697,1698,1718
1697,1718,1717
1698,1699,1719
1698,1719,1718
1699,1700,1720
1699,1720,1719
1700,1701,1721
1700,1721,1720
1701,1702,1722
1701,1722,1721
1702,1703,1723
1702,1723,1722
1703,1704,1724
1703,1724,1723
1704,1705,1725
1704,1725,1724
1705,1706,1726
1705,1726,1725
1706,1707,1727
1706,1727,1726
1707,1708,1728
1707,1728,1727
1708,1709,1729
1708,1729,1728
1709,1710,1730
1709,1730,1729
1710,1691,1711
1710,1711,1730
1711,1712,1732
1711,1732,1731
1712,1713,1733
1712,1733,1732
1713,1714,1734
1713,1734,1733
1714,1715,1735
1714,1735,1734
1715,1716,1736
1715,1736,1735
1716,1717,1737
1716,1737,1736
1717,1718,1738
1717,1738,1737
1718,1719,1739
1718,1739,1738
1719,1720,1740
1719,1740,1739
1720,1721,1741
1720,1741,1740
1721,1722,1742
1721,1742,1741
1722,1723,1743
1722,1743,1742
1723,1724,1744
1723,1744,1743
1724,1725,1745
1724,1745,1744
1725,1726,1746
1725,1746,1745
1726,1727,1747
1726,1747,1746
1727,1728,1748
1727,1748,1747
1728,1729,1749
1728,1749,1748
1729,1730,1750
1729,1750,1749
1730,1711,1731
1730,1731,1750
1731,1732,1752
1731,1752,1751
1732,1733,1753
1732,1753,1752
1733,1734,1754
1733,1754,1753
1734,1735,1755
1734,1755,1754
1735,1736,1756
1735,1756,1755
1736,1737,1757
1736,1757,1756
1737,1738,1758
1737,1758,1757
1738,1739,1759
1738,1759,1758
1739,1740,1760
1739,1760,1759
1740,1741,1761
1740,1761,1760
1741,1742,1762
1741,1762,1761
1742,1743,1763
1742,1763,1762
1743,1744,1764
1743,1764,1763
1744,1745,1765
1744,1765,1764
1745,1746,1766
1745,1766,1765
1746,1747,1767
1746,1767,1766
1747,1748,1768
1747,1768,1767
1748,1749,1769
1748,1769,1768
1749,1750,1770
1749,1770,1769
1750,1731,1751
1750,1751,1770
1751,1752,1772
1751,1772,1771
1752,1753,1773
1752,1773,1772
1753,1754,1774
1753,1774,1773
1754,1755,1775
1754,1775,1774
1755,1756,1776
1755,1776,1775
1756,1757,1777
1756,1777,1776
1757,1758,1778
1757,1778,1777
1758,1759,1779
1758,1779,1778
1759,1760,1780
1759,1780,1779
1760,1761,1781
1760,1781,1780
1761,1762,1782
1761,1782,1781
1762,1763,1783
1762,1783,1782
1763,1764,1784
1763,1784,1783
1764,1765,1785
1764,1785,1784
1765,1766,1786
1765,1786,1785
1766,1767,1787
1766,1787,1786
1767,1768,1788
1767,1788,1787
1768,1769,1789
1768,1789,1788
1769,1770,1790
1769,1790,1789
1770,1751,1771
1770,1771,1790
1771,1772,1792
1771,1792,1791
1772,1773,1793
1772,1793,1792
1773,1774,1794
1773,1794,1793
1774,1775,1795
1774,1795,1794
1775,1776,1796
1775,1796,1795
1776,1777,1797
1776,1797,1796
1777,1778,1798
1777,1798,1797
1778,1779,1799
1778,1799,1798
1779,1780,1800
1779,1800,1799
1780,1781,1801
1780,1801,1800
1781,1782,1802
1781,1802,1801
1782,1783,1803
1782,1803,1802
1783,1784,1804
1783,1804,1803
1784,1785,1805
1784,1805,1804
1785,1786,1806
1785,1806,1805
1786,1787,1807
1786,1807,1806
1787,1788,1808
1787,1808,1807
1788,1789,1809
1788,1809,1808
1789,1790,1810
1789,1810,1809
1790,1771,1791
1790,1791,1810
1791,1792,1812
1791,1812,1811
1792,1793,1813
1792,1813,1812
1793,1794,1814
1793,1814,1813
1794,1795,1815
1794,1815,1814
1795,1796,1816
1795,1816,1815
1796,1797,1817
1796,1817,1816
1797,1798,1818
1797,1818,1817
1798,1799,1819
1798,1819,1818
1799,1800,1820
1799,1820,1819
1800,1801,1821
1800,1821,1820
1801,1802,1822
1801,1822,1821
1802,1803,1823
1802,1823,1822
1803,1804,1824
1803,1824,1823
1804,1805,1825
1804,1825,1824
1805,1806,1826
1805,1826,1825
1806,1807,1827
1806,1827,1826
1807,1808,1828
1807,1828,1827
1808,1809,1829
1808,1829,1828
1809,1810,1830
1809,1830,1829
1810,1791,1811
1810,1811,1830
1811,1812,1832
1811,1832,1831
1812,1813,1833
1812,1833,1832
1813,1814,1834
1813,1834,1833
1814,1815,1835
1814,1835,1834
1815,1816,1836
1815,1836,1835
1816,1817,1837
1816,1837,1836
1817,1818,1838
1817,1838,1837
1818,1819,1839
1818,1839,1838
1819,1820,1840
1819,1840,1839
1820,1821,1841
1820,1841,1840
1821,1822,1842
1821,1842,1841
1822,1823,1843
1822,1843,1842
1823,1824,1844
1823,1844,1843
1824,1825,1845
1824,1845,1844
1825,1826,1846
1825,1846,1845
1826,1827,1847
1826,1847,1846
1827,1828,1848
1827,1848,1847
1828,1829,1849
1828,1849,1848
1829,1830,1850
1829,1850,1849
1830,1811,1831
1830,1831,1850
1831,1832,1852
1831,1852,1851
1832,1833,1853
1832,1853,1852
1833,1834,1854
1833,1854,1853
1834,1835,1855
1834,1855,1854
1835,1836,1856
1835,1856,1855
1836,1837,1857
1836,1857,1856
1837,1838,1858
1837,1858,1857
1838,1839,1859
1838,1859,1858
1839,1840,1860
1839,1860,1859
1840,1841,1861
1840,1861,1860
1841,1842,1862
1841,1862,1861
1842,1843,1863
1842,1863,1862
1843,1844,1864
1843,1864,1863
1844,1845,1865
1844,1865,1864
1845,1846,1866
1845,1866,1865
1846,1847,1867
1846,1867,1866
1847,1848,1868
1847,1868,1867
1848,1849,1869
1848,1869,1868
1849,1850,1870
1849,1870,1869
1850,1831,1851
1850,1851,1870
1851,1852,1872
1851,1872,1871
1852,1853,1873
1852,1873,1872
1853,1854,1874
1853,1874,1873
1854,1855,1875
1854,1875,1874
1855,1856,1876
1855,1876,1875
1856,1857,1877
1856,1877,1876
1857,1858,1878
1857,1878,1877
1858,1859,1879
1858,1879,1878
1859,1860,1880
1859,1880,1879
1860,1861,1881
1860,1881,1880
1861,1862,1882
1861,1882,1881
1862,1863,1883
1862,1883,1882
1863,1864,1884
1863,1884,1883
1864,1865,1885
1864,1885,1884
1865,1866,1886
1865,1886,1885
1866,1867,1887
1866,1887,1886
1867,1868,1888
1867,1888,1887
1868,1869,1889
1868,1889,1888
1869,1870,1890
1869,1890,1889
1870,1851,1871
1870,1871,1890
1871,1872,1892
1871,1892,1891
1872,1873,1893
1872,1893,1892
1873,1874,1894
1873,1894,1893
1874,1875,1895
1874,1895,1894
1875,1876,1896
1875,1896,1895
1876,1877,1897
1876,1897,1896
1877,1878,1898
1877,1898,1897
1878,1879,1899
1878,1899,1898
1879,1880,1900
1879,1900,1899
1880,1881,1901
1880,1901,1900
1881,1882,1902
1881,1902,1901
1882,1883,1903
1882,1903,1902
1883,1884,1904
1883,1904,1903
1884,1885,1905
1884,1905,1904
1885,1886,1906
1885,1906,1905
1886,1887,1907
1886,1907,1906
1887,1888,1908
1887,1908,1907
1888,1889,1909
1888,1909,1908
1889,1890,1910
1889,1910,1909
1890,1871,1891
1890,1891,1910
1891,1892,1912
1891,1912,1911
1892,1893,1913
1892,1913,1912
1893,1894,1914
1893,1914,1913
1894,1895,1915
1894,1915,1914
1895,1896,1916
1895,1916,1915
1896,1897,1917
1896,1917,1916
1897,1898,1918
1897,1918,1917
1898,1899,1919
1898,1919,1918
1899,1900,1920
1899,1920,1919
1900,1901,1921
1900,1921,1920
1901,1902,1922
1901,1922,1921
1902,1903,1923
1902,1923,1922
1903,1904,1924
1903,1924,1923
1904,1905,1925
1904,1925,1924
1905,1906,1926
1905,1926,1925
1906,1907,1927
1906,1927,1926
1907,1908,1928
1907,1928,1927
1908,1909,1929
1908,1929,1928
1909,1910,1930
1909,1930,1929
1910,1891,1911
1910,1911,1930
1911,1912,1932
1911,1932,1931
1912,1913,1933
1912,1933,1932
1913,1914,1934
1913,1934,1933
1914,1915,1935
1914,1935,1934
1915,1916,1936
1915,1936,1935
1916,1917,1937
1916,1937,1936
1917,1918,1938
1917,1938,1937
1918,1919,1939
1918,1939,1938
1919,1920,1940
1919,1940,1939
1920,1921,1941
1920,1941,1940
1921,1922,1942
1921,1942,1941
1922,1923,1943
1922,1943,1942
1923,1924,1944
1923,1944,1943
1924,1925,1945
1924,1945,1944
1925,1926,1946
1925,1946,1945
1926,1927,1947
1926,1947,1946
1927,1928,1948
1927,1948,1947
1928,1929,1949
1928,1949,1948
1929,1930,1950
1929,1950,1949
1930,1911,1931
1930,1931,1950
1931,1932,1952
1931,1952,1951
1932,1933,1953
1932,1953,1952
1933,1934,1954
1933,1954,1953
1934,1935,1955
1934,1955,1954
1935,1936,1956
1935,1956,1955
1936,1937,1957
1936,1957,1956
1937,1938,1958
1937,1958,1957
1938,1939,1959
1938,1959,1958
1939,1940,1960
1939,1960,1959
1940,1941,1961
1940,1961,1960
1941,1942,1962
1941,1962,1961
1942,1943,1963
1942,1963,1962
1943,1944,1964
1943,1964,1963
1944,1945,1965
1944,1965,1964
1945,1946,1966
1945,1966,1965
1946,1947,1967
1946,1967,1966
1947,1948,1968
1947,1968,1967
1948,1949,1969
1948,1969,1968
1949,1950,1970
1949,1970,1969
1950,1931,1951
1950,1951,1970
1951,1952,1972
1951,1972,1971
1952,1953,1973
1952,1973,1972
1953,1954,1974
1953,1974,1973
1954,1955,1975
1954,1975,1974
1955,1956,1976
1955,1976,1975
1956,1957,1977
1956,1977,1976
1957,1958,1978
1957,1978,1977
1958,1959,1979
1958,1979,1978
1959,1960,1980
1959,1980,1979
1960,1961,1981
1960,1981,1980
1961,1962,1982
1961,1982,1981
1962,1963,1983
1962,1983,1982
1963,1964,1984
1963,1984,1983
1964,1965,1985
1964,1985,1984
1965,1966,1986
1965,1986,1985
1966,1967,1987
1966,1987,1986
1967,1968,1988
1967,1988,1987
1968,1969,1989
1968,1989,1988
1969,1970,1990
1969,1990,1989
1970,1951,1971
1970,1971,1990
1971,1972,1992
1971,1992,1991
1972,1973,1993
1972,1993,1992
1973,1974,1994
1973,1994,1993
1974,1975,1995
1974,1995,1994
1975,1976,1996
1975,1996,1995
1976,1977,1997
1976,1997,1996
1977,1978,1998
1977,1998,1997
1978,1979,1999
1978,1999,1998
1979,1980,2000
1979,2000,1999
1980,1981,2001
1980,2001,2000
1981,1982,2002
1981,2002,2001
1982,1983,2003
1982,2003,2002
1983,1984,2004
1983,2004,2003
1984,1985,2005
1984,2005,2004
1985,1986,2006
1985,2006,2005
1986,1987,2007
1986,2007,2006
1987,1988,2008
1987,2008,2007
1988,1989,2009
1988,2009,2008
1989,1990,2010
1989,2010,2009
1990,1971,1991
1990,1991,2010
1991,1992,2012
1991,2012,2011
1992,1993,2013
1992,2013,2012
1993,1994,2014
1993,2014,2013
1994,1995,2015
1994,2015,2014
1995,1996,2016
1995,2016,2015
1996,1997,2017
1996,2017,2016
1997,1998,2018
1997,2018,2017
1998,1999,2019
1998,2019,2018
1999,2000,2020
1999,2020,2019
2000,2001,2021
2000,2021,2020
2001,2002,2022
2001,2022,2021
2002,2003,2023
2002,2023,2022
2003,2004,2024
2003,2024,2023
2004,2005,2025
2004,2025,2024
2005,2006,2026
2005,2026,2025
2006,2007,2027
2006,2027,2026
2007,2008,2028
2007,2028,2027
2008,2009,2029
2008,2029,2028
2009,2010,2030
2009,2030,2029
2010,1991,2011
2010,2011,2030
2011,2012,2032
2011,2032,2031
2012,2013,2033
2012,2033,2032
2013,2014,2034
2013,2034,2033
2014,2015,2035
2014,2035,2034
2015,2016,2036
2015,2036,2035
2016,2017,2037
2016,2037,2036
2017,2018,2038
2017,2038,2037
2018,2019,2039
2018,2039,2038
2019,2020,2040
2019,2040,2039
2020,2021,2041
2020,2041,2040
2021,2022,2042
2021,2042,2041
2022,2023,2043
2022,2043,2042
2023,2024,2044
2023,2044,2043
2024,2025,2045
2024,2045,2044
2025,2026,2046
2025,2046,2045
2026,2027,2047
2026,2047,2046
2027,2028,2048
2027,2048,2047
2028,2029,2049
2028,2049,2048
2029,2030,2050
2029,2050,2049
2030,2011,2031
2030,2031,2050
2031,2032,2052
2031,2052,2051
2032,2033,2053
2032,2053,2052
2033,2034,2054
2033,2054,2053
2034,2035,2055
2034,2055,2054
2035,2036,2056
2035,2056,2055
2036,2037,2057
2036,2057,2056
2037,2038,2058
2037,2058,2057
2038,2039,2059
2038,2059,2058
2039,2040,2060
2039,2060,2059
2040,2041,2061
2040,2061,2060
2041,2042,2062
2041,2062,2061
2042,2043,2063
2042,2063,2062
2043,2044,2064
2043,2064,2063
2044,2045,2065
2044,2065,2064
2045,2046,2066
2045,2066,2065
2046,2047,2067
2046,2067,2066
2047,2048,2068
2047,2068,2067
2048,2049,2069
2048,2069,2068
2049,2050,2070
2049,2070,2069
2050,2031,2051
2050,2051,2070
2051,2052,2072
2051,2072,2071
2052,2053,2073
2052,2073,2072
2053,2054,2074
2053,2074,2073
2054,2055,2075
2054,2075,2074
2055,2056,2076
2055,2076,2075
2056,2057,2077
2056,2077,2076
2057,2058,2078
2057,2078,2077
2058,2059,2079
2058,2079,2078
2059,2060,2080
2059,2080,2079
2060,2061,2081
2060,2081,2080
2061,2062,2082
2061,2082,2081
2062,2063,2083
2062,2083,2082
2063,2064,2084
2063,2084,2083
2064,2065,2085
2064,2085,2084
2065,2066,2086
2065,2086,2085
2066,2067,2087
2066,2087,2086
2067,2068,2088
2067,2088,2087
2068,2069,2089
2068,2089,2088
2069,2070,2090
2069,2090,2089
2070,2051,2071
2070,2071,2090
2071,2072,2092
2071,2092,2091
2072,2073,2093
2072,2093,2092
2073,2074,2094
2073,2094,2093
2074,2075,2095
2074,2095,2094
2075,2076,2096
2075,2096,2095
2076,2077,2097
2076,2097,2096
2077,2078,2098
2077,2098,2097
2078,2079,2099
2078,2099,2098
2079,2080,2100
2079,2100,2099
2080,2081,2101
2080,2101,2100
2081,2082,2102
2081,2102,2101
2082,2083,2103
2082,2103,2102
2083,2084,2104
2083,2104,2103
2084,2085,2105
2084,2105,2104
2085,2086,2106
2085,2106,2105
2086,2087,2107
2086,2107,2106
2087,2088,2108
2087,2108,2107
2088,2089,2109
2088,2109,2108
2089,2090,2110
2089,2110,2109
2090,2071,2091
2090,2091,2110
2091,2092,2112
2091,2112,2111
2092,2093,2113
2092,2113,2112
2093,2094,2114
2093,2114,2113
2094,2095,2115
2094,2115,2114
2095,2096,2116
2095,2116,2115
2096,2097,2117
2096,2117,2116
2097,2098,2118
2097,2118,2117
2098,2099,2119
2098,2119,2118
2099,2100,2120
2099,2120,2119
2100,2101,2121
2100,2121,2120
2101,2102,2122
2101,2122,2121
2102,2103,2123
2102,2123,2122
2103,2104,2124
2103,2124,2123
2104,2105,2125
2104,2125,2124
2105,2106,2126
2105,2126,2125
2106,2107,2127
2106,2127,2126
2107,2108,2128
2107,2128,2127
2108,2109,2129
2108,2129,2128
2109,2110,2130
2109,2130,2129
2110,2091,2111
2110,2111,2130
2111,2112,2132
2111,2132,2131
2112,2113,2133
2112,2133,2132
2113,2114,2134
2113,2134,2133
2114,2115,2135
2114,2135,2134
2115,2116,2136
2115,2136,2135
2116,2117,2137
2116,2137,2136
2117,2118,2138
2117,2138,2137
2118,2119,2139
2118,2139,2138
2119,2120,2140
2119,2140,2139
2120,2121,2141
2120,2141,2140
2121,2122,2142
2121,2142,2141
2122,2123,2143
2122,2143,2142
2123,2124,2144
2123,2144,2143
2124,2125,2145
2124,2145,2144
2125,2126,2146
2125,2146,2145
2126,2127,2147
2126,2147,2146
2127,2128,2148
2127,2148,2147
2128,2129,2149
2128,2149,2148
2129,2130,2150
2129,2150,2149
2130,2111,2131
2130,2131,2150
2131,2132,2152
2131,2152,2151
2132,2133,2153
2132,2153,2152
2133,2134,2154
2133,2154,2153
2134,2135,2155
2134,2155,2154
2135,2136,2156
2135,2156,2155
2136,2137,2157
2136,2157,2156
2137,2138,2158
2137,2158,2157
2138,2139,2159
2138,2159,2158
2139,2140,2160
2139,2160,2159
2140,2141,2161
2140,2161,2160
2141,2142,2162
2141,2162,2161
2142,2143,2163
2142,2163,2162
2143,2144,2164
2143,2164,2163
2144,2145,2165
2144,2165,2164
2145,2146,2166
2145,2166,2165
2146,2147,2167
2146,2167,2166
2147,2148,2168
2147,2168,2167
2148,2149,2169
2148,2169,2168
2149,2150,2170
2149,2170,2169
2150,2131,2151
2150,2151,2170
2151,2152,2172
2151,2172,2171
2152,2153,2173
2152,2173,2172
2153,2154,2174
2153,2174,2173
2154,2155,2175
2154,2175,2174
2155,2156,2176
2155,2176,2175
2156,2157,2177
2156,2177,2176
2157,2158,2178
2157,2178,2177
2158,2159,2179
2158,2179,2178
2159,2160,2180
2159,2180,2179
2160,2161,2181
2160,2181,2180
2161,2162,2182
2161,2182,2181
2162,2163,2183
2162,2183,2182
2163,2164,2184
2163,2184,2183
2164,2165,2185
2164,2185,2184
2165,2166,2186
2165,2186,2185
2166,2167,2187
2166,2187,2186
2167,2168,2188
2167,2188,2187
2168,2169,2189
2168,2189,2188
2169,2170,2190
2169,2190,2189
2170,2151,2171
2170,2171,2190
2171,2172,2192
2171,2192,2191
2172,2173,2193
2172,2193,2192
2173,2174,2194
2173,2194,2193
2174,2175,2195
2174,2195,2194
2175,2176,2196
2175,2196,2195
2176,2177,2197
2176,2197,2196
2177,2178,2198
2177,2198,2197
2178,2179,2199
2178,2199,2198
2179,2180,2200
2179,2200,2199
2180,2181,2201
2180,2201,2200
2181,2182,2202
2181,2202,2201
2182,2183,2203
2182,2203,2202
2183,2184,2204
2183,2204,2203
2184,2185,2205
2184,2205,2204
2185,2186,2206
2185,2206,2205
2186,2187,2207
2186,2207,2206
2187,2188,2208
2187,2208,2207
2188,2189,2209
2188,2209,2208
2189,2190,2210
2189,2210,2209
2190,2171,2191
2190,2191,2210
2191,2192,2212
2191,2212,2211
2192,2193,2213
2192,2213,2212
2193,2194,2214
2193,2214,2213
2194,2195,2215
2194,2215,2214
2195,2196,2216
2195,2216,2215
2196,2197,2217
2196,2217,2216
2197,2198,2218
2197,2218,2217
2198,2199,2219
2198,2219,2218
2199,2200,2220
2199,2220,2219
2200,2201,2221
2200,2221,2220
2201,2202,2222
2201,2222,2221
2202,2203,2223
2202,2223,2222
2203,2204,2224
2203,2224,2223
2204,2205,2225
2204,2225,2224
2205,2206,2226
2205,2226,2225
2206,2207,2227
2206,2227,2226
2207,2208,2228
2207,2228,2227
2208,2209,2229
2208,2229,2228
2209,2210,2230
2209,2230,2229
2210,2191,2211
2210,2211,2230
2211,2212,2232
2211,2232,2231
2212,2213,2233
2212,2233,2232
2213,2214,2234
2213,2234,2233
2214,2215,2235
2214,2235,2234
2215,2216,2236
2215,2236,2235
2216,2217,2237
2216,2237,2236
2217,2218,2238
2217,2238,2237
2218,2219,2239
2218,2239,2238
2219,2220,2240
2219,2240,2239
2220,2221,2241
2220,2241,2240
2221,2222,2242
2221,2242,2241
2222,2223,2243
2222,2243,2242
2223,2224,2244
2223,2244,2243
2224,2225,2245
2224,2245,2244
2225,2226,2246
2225,2246,2245
2226,2227,2247
2226,2247,2246
2227,2228,2248
2227,2248,2247
2228,2229,2249
2228,2249,2248
2229,2230,2250
2229,2250,2249
2230,2211,2231
2230,2231,2250
2231,2232,2252
2231,2252,2251
2232,2233,2253
2232,2253,2252
2233,2234,2254
2233,2254,2253
2234,2235,2255
2234,2255,2254
2235,2236,2256
2235,2256,2255
2236,2237,2257
2236,2257,2256
2237,2238,2258
2237,2258,2257
2238,2239,2259
2238,2259,2258
2239,2240,2260
2239,2260,2259
2240,2241,2261
2240,2261,2260
2241,2242,2262
2241,2262,2261
2242,2243,2263
2242,2263,2262
2243,2244,2264
2243,2264,2263
2244,2245,2265
2244,2265,2264
2245,2246,2266
2245,2266,2265
2246,2247,2267
2246,2267,2266
2247,2248,2268
2247,2268,2267
2248,2249,2269
2248,2269,2268
2249,2250,2270
2249,2270,2269
2250,2231,2251
2250,2251,2270
2251,2252,2272
2251,2272,2271
2252,2253,2273
2252,2273,2272
2253,2254,2274
2253,2274,2273
2254,2255,2275
2254,2275,2274
2255,2256,2276
2255,2276,2275
2256,2257,2277
2256,2277,2276
2257,2258,2278
2257,2278,2277
2258,2259,2279
2258,2279,2278
2259,2260,2280
2259,2280,2279
2260,2261,2281
2260,2281,2280
2261,2262,2282
2261,2282,2281
2262,2263,2283
2262,2283,2282
2263,2264,2284
2263,2284,2283
2264,2265,2285
2264,2285,2284
2265,2266,2286
2265,2286,2285
2266,2267,2287
2266,2287,2286
2267,2268,2288
2267,2288,2287
2268,2269,2289
2268,2289,2288
2269,2270,2290
2269,2290,2289
2270,2251,2271
2270,2271,2290
2271,2272,2292
2271,2292,2291
2272,2273,2293
2272,2293,2292
2273,2274,2294
2273,2294,2293
2274,2275,2295
2274,2295,2294
2275,2276,2296
2275,2296,2295
2276,2277,2297
2276,2297,2296
2277,2278,2298
2277,2298,2297
2278,2279,2299
2278,2299,2298
2279,2280,2300
2279,2300,2299
2280,2281,2301
2280,2301,2300
2281,2282,2302
2281,2302,2301
2282,2283,2303
2282,2303,2302
2283,2284,2304
2283,2304,2303
2284,2285,2305
2284,2305,2304
2285,2286,2306
2285,2306,2305
2286,2287,2307
2286,2307,2306
2287,2288,2308
2287,2308,2307
2288,2289,2309
2288,2309,2308
2289,2290,2310
2289,2310,2309
2290,2271,2291
2290,2291,2310
2291,2292,2312
2291,2312,2311
2292,2293,2313
2292,2313,2312
2293,2294,2314
2293,2314,2313
2294,2295,2315
2294,2315,2314
2295,2296,2316
2295,2316,2315
2296,2297,2317
2296,2317,2316
2297,2298,2318
2297,2318,2317
2298,2299,2319
2298,2319,2318
2299,2300,2320
2299,2320,2319
2300,2301,2321
2300,2321,2320
2301,2302,2322
2301,2322,2321
2302,2303,2323
2302,2323,2322
2303,2304,2324
2303,2324,2323
2304,2305,2325
2304,2325,2324
2305,2306,2326
2305,2326,2325
2306,2307,2327
2306,2327,2326
2307,2308,2328
2307,2328,2327
2308,2309,2329
2308,2329,2328
2309,2310,2330
2309,2330,2329
2310,2291,2311
2310,2311,2330
2311,2312,2331
2312,2313,2331
2313,2314,2331
2314,2315,2331
2315,2316,2331
2316,2317,2331
2317,2318,2331
2318,2319,2331
2319,2320,2331
2320,2321,2331
2321,2322,2331
2322,2323,2331
2323,2324,2331
2324,2325,2331
2325,2326,2331
2326,2327,2331
2327,2328,2331
2328,2329,2331
2329,2330,2331
2330,2311,2331
2332,1264,1270
2333,1263,1270
2334,1265,1271
2335,1272,1271
2336,1267,1275
2337,1266,1275
2338,1268,1276
2339,1269,1277
2340,1281,1280
2341,1274,1286
2342,1294,1293
2343,1283,1296
2344,1282,1296
2345,1284,1297
2346,1273,1285
2347,1308,1307
2348,1295,1311
2349,1324,1323
2350,1310,1328
2351,1309,1328
2352,1343,1342
2353,1326,1346
2354,1325,1346
2355,1327,1347
2356,1344,1364
2357,1345,1365
1264,2332,2427
2427,2428,66
2428,2332,1263
2332,2428,2427
66,2428,1211
2428,1263,2429
2429,54,1211
1211,2428,2429
54,2429,1213
2429,1263,2430
2430,43,1213
1213,2429,2430
1263,2430,2333
2430,43,2431
2431,1269,2333
2333,2430,2431
43,2431,1214
2431,1269,2432
2432,44,1214
1214,2431,2432
44,2432,1216
2432,1269,2433
2433,33,1216
1216,2432,2433
33,2433,1218
2433,1269,2434
2434,23,1218
1218,2433,2434
1269,2339,2434
2434,2435,23
2435,2339,1268
2339,2435,2434
23,2435,1220
2435,1268,2436
2436,14,1220
1220,2435,2436
14,2436,1221
2436,1268,2437
2437,15,1221
1221,2436,2437
15,2437,1223
2437,1268,2438
2438,7,1223
1223,2437,2438
1268,2338,2438
2438,2439,7
2439,2338,1267
2338,2439,2438
7,2439,1225
2439,1267,2358
2358,1,1225
1225,2439,2358
1,2358,1226
2358,1267,2359
2359,2,1226
1226,2358,2359
2,2359,1227
2359,1267,2360
2360,3,1227
1227,2359,2360
1267,2336,2360
2360,2361,3
2361,2336,1266
2336,2361,2360
3,2361,1228
2361,1266,2362
2362,4,1228
1228,2361,2362
4,2362,1229
2362,1266,2363
2363,5,1229
1229,2362,2363
5,2363,1230
2363,1266,2364
2364,6,1230
1230,2363,2364
6,2364,1231
2364,1266,2365
2365,13,1231
1231,2364,2365
1266,2365,2337
2365,13,2366
2366,1274,2337
2337,2365,2366
13,2366,1224
2366,1274,2367
2367,22,1224
1224,2366,2367
22,2367,1222
2367,1274,2368
2368,32,1222
1222,2367,2368
1274,2341,2368
2368,2369,32
2369,2341,1273
2341,2369,2368
32,2369,1219
2369,1273,2370
2370,42,1219
1219,2369,2370
42,2370,1217
2370,1273,2371
2371,53,1217
1217,2370,2371
1273,2346,2371
2371,2372,53
2372,2346,1284
2346,2372,2371
53,2372,1215
2372,1284,2373
2373,65,1215
1215,2372,2373
65,2373,1212
2373,1284,2374
2374,77,1212
1212,2373,2374
1284,2345,2374
2374,2375,77
2375,2345,1283
2345,2375,2374
77,2375,1210
2375,1283,2376
2376,89,1210
1210,2375,2376
89,2376,1208
2376,1283,2377
2377,101,1208
1208,2376,2377
1283,2343,2377
2377,2378,101
2378,2343,1282
2343,2378,2377
101,2378,1233
2378,1282,2379
2379,113,1233
1233,2378,2379
113,2379,1235
2379,1282,2380
2380,125,1235
1235,2379,2380
1282,2380,2344
2380,125,2381
2381,1295,2344
2344,2380,2381
125,2381,1237
2381,1295,2382
2382,137,1237
1237,2381,2382
137,2382,1239
2382,1295,2383
2383,149,1239
1239,2382,2383
149,2383,1241
2383,1295,2384
2384,161,1241
1241,2383,2384
1295,2348,2384
2384,2385,161
2385,2348,1310
2348,2385,2384
161,2385,1243
2385,1310,2386
2386,173,1243
1243,2385,2386
173,2386,1245
2386,1310,2387
2387,174,1245
1245,2386,2387
1310,2350,2387
2387,2388,174
2388,2350,1309
2350,2388,2387
174,2388,1248
2388,1309,2389
2389,188,1248
1248,2388,2389
1309,2351,2389
2389,2390,188
2390,2351,1327
2351,2390,2389
188,2390,1250
2390,1327,2391
2391,202,1250
1250,2390,2391
1327,2355,2391
2391,2392,202
2392,2355,1326
2355,2392,2391
202,2392,1251
2392,1326,2393
2393,217,1251
1251,2392,2393
1326,2353,2393
2393,2394,217
2394,2353,1325
2353,2394,2393
217,2394,1253
2394,1325,2395
2395,233,1253
1253,2394,2395
1325,2395,2354
2395,233,2396
2396,1345,2354
2354,2395,2396
233,2396,1256
2396,1345,2397
2397,250,1256
1256,2396,2397
1345,2357,2397
2397,2398,250
2398,2357,1344
2357,2398,2397
250,2398,1258
2398,1344,2399
2399,269,1258
1258,2398,2399
1344,2356,2399
2399,2400,269
2400,2356,1343
2356,2400,2399
269,2400,1261
2400,1343,2401
2401,270,1261
1261,2400,2401
1343,2352,2401
2401,2402,270
2402,2352,1324
2352,2402,2401
270,2402,1262
2402,1324,2403
2403,271,1262
1262,2402,2403
1324,2349,2403
2403,2404,271
2404,2349,1308
2349,2404,2403
271,2404,1260
2404,1308,2405
2405,251,1260
1260,2404,2405
1308,2347,2405
2405,2406,251
2406,2347,1294
2347,2406,2405
251,2406,1259
2406,1294,2407
2407,252,1259
1259,2406,2407
252,2407,1257
2407,1294,2408
2408,234,1257
1257,2407,2408
234,2408,1255
2408,1294,2409
2409,218,1255
1255,2408,2409
1294,2342,2409
2409,2410,218
2410,2342,1281
2342,2410,2409
218,2410,1254
2410,1281,2411
2411,219,1254
1254,2410,2411
219,2411,1252
2411,1281,2412
2412,203,1252
1252,2411,2412
203,2412,1249
2412,1281,2413
2413,189,1249
1249,2412,2413
1281,2340,2413
2413,2414,189
2414,2340,1272
2340,2414,2413
189,2414,1247
2414,1272,2415
2415,175,1247
1247,2414,2415
175,2415,1246
2415,1272,2416
2416,176,1246
1246,2415,2416
176,2416,1244
2416,1272,2417
2417,162,1244
1244,2416,2417
162,2417,1242
2417,1272,2418
2418,150,1242
1242,2417,2418
150,2418,1240
2418,1272,2419
2419,138,1240
1240,2418,2419
138,2419,1238
2419,1272,2420
2420,126,1238
1238,2419,2420
1272,2335,2420
2420,2421,126
2421,2335,1265
2335,2421,2420
126,2421,1236
2421,1265,2422
2422,114,1236
1236,2421,2422
114,2422,1234
2422,1265,2423
2423,102,1234
1234,2422,2423
102,2423,1232
2423,1265,2424
2424,90,1232
1232,2423,2424
1265,2334,2424
2424,2425,90
2425,2334,1264
2334,2425,2424
90,2425,1207
2425,1264,2426
2426,78,1207
1207,2425,2426
78,2426,1209
2426,1264,2427
2427,66,1209
1209,2426,2427
