1,1,1,0.8,2.4005846642648194,1.25
0.7050269445097991,-0.5751252375232501,-2.5654396842057294,0.5624074550196814,-0.17522195305303725,0.8080811355962744
0.7314402207351817,-0.5830381912138507,-2.5261387514243174,0.5377424082094361,-0.1543636252814981,0.8288576316853635
0.7566500963758015,-0.5899441112978285,-2.485869535482916,0.5122841390993214,-0.1332775961644957,0.8484114822348179
0.7806193844156639,-0.5958328108720715,-2.444691437387649,0.4860702011098341,-0.1119949696437241,0.8667138434151995
0.8033127278260227,-0.6006956035325539,-2.402665198834125,0.45913926234648894,-0.0905471396611491,0.8837377174654857
0.8246966517204323,-0.6045253161876262,-2.359852812607535,0.4315310485606074,-0.06896574384989468,0.8994579925173901
0.8447396127334581,-0.6073162996390219,-2.316317431137272,0.40328628454997456,-0.047282616865659405,0.913851479637809
0.8634120455502059,-0.609064436914975,-2.272123273340958,0.3744466340858038,-0.025529743427505608,0.9268969470347486
0.8806864065180323,-0.6097671493431518,-2.227335529895306,0.34505463845462886,-0.0037392111372930303,0.9385751513762848
0.8965372142761104,-0.6094234003544445,-2.1820202670735345,0.3151536537057701,0.018056836852653857,0.9488688661763438
0.910941087342912,-0.6080336970120106,-2.136244329291196,0.28478778669695165,0.03982624925381695,0.9577629072054443
0.9238767786061634,-0.6056000892633053,-2.09007524050417,0.2540018300323989,0.06153691406775988,0.9652441548889119
0.9353252066644031,-0.6021261669162107,-2.0435811046042667,0.22284119598939622,0.08315680595444541,0.9713015736595256
0.9452694839739011,-0.5976170543437196,-1.99683050495937,0.19135184953076517,0.10465403347272306,0.9759262282360515
0.9536949417594263,-0.5920794029249876,-1.9498924032463056,0.15958024050207847,0.12599688612330504,0.9791112968036524
0.9605891516521169,-0.5855213812339033,-1.9028360377256686,0.12757323511362528,0.14715388112483174,0.9808520810767252
0.9659419440225303,-0.5779526629896464,-1.8557308211086598,0.09537804680819578,0.16809380985403452,0.9811460132293305
0.9697454229818359,-0.5693844127870142,-1.8086462381665944,0.06304216661666767,0.18878578388148673,0.979992659682984
0.9719939780290178,-0.5598292696275581,-1.7616517432341123,0.030613293104120032,0.20919928053503845,0.9773937217462283
0.972684292326909,-0.5493013282758283,-1.7148166577572852,-0.001860737990184269,0.22930418792372367,0.9733530331050363
0.9718153475948478,-0.5378161184682276,-1.6682100680377507,-0.03433202431516086,0.24907084935572443,0.9678765541677522
0.9693884256107422,-0.5253905820051399,-1.6219007233237024,-0.06675266756852816,0.26847010708487373,0.96097236327291
0.9654071063203216,-0.5120430477601302,-1.5759569343980702,-0.09907484415145484,0.287473345321164,0.9526506447729007
0.9598772625563692,-0.4977932046430734,-1.530446472813479,-0.1312508757130157,0.30605253244181685,0.9429236740110608
0.9528070513757244,-0.48266207255710114,-1.4854364709226218,-0.16323329948039206,0.324180262340651,0.9318057992143488
0.9442069020268293,-0.4666719713922005,-1.4409933228515193,-0.1949749382710726,0.3418297948547516,0.9193134203283175
0.9340895005655755,-0.44984648810120964,-1.3971825865617302,-0.22642897008378166,0.3589750952088087,0.9054649648255999
0.922469771142138,-0.43221044190676805,-1.3540688871459918,-0.2575489971654802,0.3755908724189399,0.8902808605235963
0.9093648539864052,-0.4137898476905546,-1.3117158214999258,-0.2882891144525601,0.3916526165993495,0.8737835054514601
0.8947940801244725,-0.3946118776188072,-1.2701858645104396,-0.31860397728527234,0.40713663511679105,0.8559972348108271
0.8787789428635017,-0.37470482106073844,-1.2295402768991974,-0.34844886829550725,0.4220200875395042,0.8369482850790303
0.8613430660870044,-0.3540980428589673,-1.1898390148571059,-0.3777797633692554,0.43628101932906915,0.8166647553077444
0.8425121694073192,-0.33282194001352294,-1.151140641603103,-0.4065533965864548,0.4498983942254855,0.7951765656741567
0.822314030226683,-0.3109078968433172,-1.113502240997724,-0.4347273240424259,0.4628521252776992,0.7725154133457978
0.8007784427628651,-0.28838823869122243,-1.0769793333388573,-0.4622599864567553,0.4751231044738062,0.7487147257241393
0.7779371740998007,-0.2652961842410535,-1.041625793463915,-0.4891107704772721,0.48669323092722805,0.7238096111359295
0.7538239173280559,-0.24166579651677877,-1.007493771279208,-0.5152400685886886,0.4975454375772773,0.6978368070449992
0.7284742418442439,-0.21753193263625037,-0.9746336148337715,-0.5406093375375335,0.5076637163647302,0.6708346258609345
0.7019255408827119,-0.19293019239357068,-0.9430937960510977,-0.5651811551871956,0.5170331418452702,0.6428428984245496
0.6742169763568844,-0.16789686574593454,-0.9129208392283423,-0.5889192757192114,0.5256398932059677,0.6139029152535264
0.6453894210916384,-0.14246887928241891,-0.8841592524084634,-0.6117886830993693,0.5334712746523224,0.5840573656348886
0.6154853985319125,-0.11668374175367391,-0.8568514617265328,-0.6337556427297615,0.5405157341357935,0.5533502746541572
0.584549020016497,-0.09057948874287214,-0.8310377488270682,-0.654787751210595,0.546762880394194,0.5218269382540692
0.5526259197095212,-0.06419462655952834,-0.8067561914446897,-0.6748539841383527,0.5522034982798117,0.4895338564186646
0.5197631872856284,-0.03756807543895069,-0.7840426072357654,-0.6939247418698052,0.556829562352648,0.4565186645812882
0.48600929846813024,-0.010739112131112671,-0.7629305009438843,-0.7119718931843579,0.5606342487187207,0.4228300633577
0.4514140435226045,0.0162526880363687,-0.7434510149771079,-0.7289688167803373,0.5636119450959716,0.3885177467079337
0.41602845381141695,0.04336750953568802,-0.7256328834698889,-0.744890440543996,0.5657582590929275,0.3536323286328777
0.3799047265175016,0.07056535537062203,-0.709502389897434,-0.7597132785333163,0.567070024687904,0.31822526851370525
0.34309614764844587,0.09780610607598561,-0.6950833283050222,-0.7734154656220578,0.5675453068991958,0.2823487952042891
0.30565701343445184,0.12504957889774104,-0.6823969682094777,-0.7859767897529417,0.5671834046393619,0.24605582998856582
2,2,2,1.0E-5,2.441162027219145,100000.0
0.30565701343445084,0.1250495788977406,-0.6823969682094775,-0.8403278063186179,0.5230837728878265,0.1422411490011828
0.26462948681042336,0.15058822376630632,-0.6754522943764834,-0.8403278063186179,0.5230837728878265,0.1422411490011828
0.22360196018639586,0.17612686863487204,-0.6685076205434892,-0.8403278063186179,0.5230837728878265,0.1422411490011828
0.18257443356236838,0.20166551350343773,-0.661562946710495,-0.8403278063186179,0.5230837728878265,0.1422411490011828
0.14154690693834088,0.22720415837200345,-0.6546182728775009,-0.8403278063186179,0.5230837728878265,0.1422411490011828
0.10051938031431343,0.2527428032405692,-0.6476735990445067,-0.8403278063186179,0.5230837728878265,0.1422411490011828
0.05949185369028592,0.27828144810913485,-0.6407289252115126,-0.8403278063186179,0.5230837728878265,0.1422411490011828
0.018464327066258446,0.30382009297770063,-0.6337842513785183,-0.8403278063186179,0.5230837728878265,0.1422411490011828
-0.022563199557769087,0.3293587378462663,-0.6268395775455242,-0.8403278063186179,0.5230837728878265,0.1422411490011828
-0.06359072618179651,0.35489738271483207,-0.6198949037125301,-0.8403278063186179,0.5230837728878265,0.1422411490011828
-0.10461825280582399,0.38043602758339773,-0.612950229879536,-0.8403278063186179,0.5230837728878265,0.1422411490011828
-0.14564577942985146,0.4059746724519634,-0.6060055560465418,-0.8403278063186179,0.5230837728878265,0.1422411490011828
-0.186673306053879,0.4315133173205291,-0.5990608822135477,-0.8403278063186179,0.5230837728878265,0.1422411490011828
-0.22770083267790642,0.45705196218909483,-0.5921162083805535,-0.8403278063186179,0.5230837728878265,0.1422411490011828
-0.26872835930193395,0.4825906070576606,-0.5851715345475593,-0.8403278063186179,0.5230837728878265,0.1422411490011828
-0.30975588592596137,0.5081292519262262,-0.5782268607145652,-0.8403278063186179,0.5230837728878265,0.1422411490011828
-0.350783412549989,0.533667896794792,-0.571282186881571,-0.8403278063186179,0.5230837728878265,0.1422411490011828
-0.39181093917401655,0.5592065416633577,-0.5643375130485768,-0.8403278063186179,0.5230837728878265,0.1422411490011828
-0.43283846579804386,0.5847451865319235,-0.5573928392155827,-0.8403278063186179,0.5230837728878265,0.1422411490011828
-0.4738659924220713,0.610283831400489,-0.5504481653825886,-0.8403278063186179,0.5230837728878265,0.1422411490011828
-0.5148935190460988,0.6358224762690549,-0.5435034915495944,-0.8403278063186179,0.5230837728878265,0.1422411490011828
-0.5559210456701262,0.6613611211376205,-0.5365588177166003,-0.8403278063186179,0.5230837728878265,0.1422411490011828
-0.5969485722941538,0.6868997660061862,-0.5296141438836062,-0.8403278063186179,0.5230837728878265,0.1422411490011828
-0.6379760989181813,0.7124384108747519,-0.522669470050612,-0.8403278063186179,0.5230837728878265,0.1422411490011828
-0.6790036255422088,0.7379770557433176,-0.5157247962176178,-0.8403278063186179,0.5230837728878265,0.1422411490011828
-0.7200311521662363,0.7635157006118833,-0.5087801223846237,-0.8403278063186179,0.5230837728878265,0.1422411490011828
-0.7610586787902637,0.7890543454804491,-0.5018354485516294,-0.8403278063186179,0.5230837728878265,0.1422411490011828
-0.8020862054142911,0.8145929903490147,-0.4948907747186353,-0.8403278063186179,0.5230837728878265,0.1422411490011828
-0.8431137320383187,0.8401316352175806,-0.4879461008856411,-0.8403278063186179,0.5230837728878265,0.1422411490011828
-0.8841412586623462,0.865670280086146,-0.481001427052647,-0.8403278063186179,0.5230837728878265,0.1422411490011828
-0.9251687852863736,0.8912089249547118,-0.4740567532196529,-0.8403278063186179,0.5230837728878265,0.1422411490011828
-0.9661963119104012,0.9167475698232775,-0.46711207938665866,-0.8403278063186179,0.5230837728878265,0.1422411490011828
-1.0072238385344288,0.9422862146918434,-0.4601674055536645,-0.8403278063186179,0.5230837728878265,0.1422411490011828
-1.0482513651584564,0.9678248595604091,-0.4532227317206703,-0.8403278063186179,0.5230837728878265,0.1422411490011828
-1.089278891782484,0.9933635044289748,-0.44627805788767627,-0.8403278063186179,0.5230837728878265,0.1422411490011828
-1.1303064184065112,1.0189021492975405,-0.439333384054682,-0.8403278063186179,0.5230837728878265,0.1422411490011828
-1.1713339450305384,1.0444407941661065,-0.4323887102216879,-0.8403278063186179,0.5230837728878265,0.1422411490011828
-1.2123614716545656,1.0699794390346717,-0.42544403638869377,-0.8403278063186179,0.5230837728878265,0.1422411490011828
-1.2533889982785933,1.0955180839032375,-0.4184993625556996,-0.8403278063186179,0.5230837728878265,0.1422411490011828
-1.294416524902621,1.1210567287718032,-0.4115546887227054,-0.8403278063186179,0.5230837728878265,0.1422411490011828
-1.3354440515266486,1.1465953736403691,-0.4046100148897114,-0.8403278063186179,0.5230837728878265,0.1422411490011828
-1.3764715781506758,1.1721340185089348,-0.397665341056717,-0.8403278063186179,0.5230837728878265,0.1422411490011828
-1.4174991047747034,1.1976726633775003,-0.390720667223723,-0.8403278063186179,0.5230837728878265,0.1422411490011828
-1.458526631398731,1.2232113082460665,-0.3837759933907287,-0.8403278063186179,0.5230837728878265,0.1422411490011828
-1.4995541580227583,1.2487499531146318,-0.3768313195577348,-0.8403278063186179,0.5230837728878265,0.1422411490011828
-1.540581684646786,1.2742885979831977,-0.3698866457247405,-0.8403278063186179,0.5230837728878265,0.1422411490011828
-1.5816092112708136,1.2998272428517632,-0.3629419718917465,-0.8403278063186179,0.5230837728878265,0.1422411490011828
-1.6226367378948408,1.325365887720329,-0.3559972980587522,-0.8403278063186179,0.5230837728878265,0.1422411490011828
-1.6636642645188684,1.3509045325888946,-0.3490526242257581,-0.8403278063186179,0.5230837728878265,0.1422411490011828
-1.7046917911428956,1.3764431774574604,-0.342107950392764,-0.8403278063186179,0.5230837728878265,0.1422411490011828
-1.7457193177669232,1.401981822326026,-0.33516327655976985,-0.8403278063186179,0.5230837728878265,0.1422411490011828
