1,1,1,0.5815661033751244,1.7772037357360149,1.7194949880959198
0.3160920014683954,-1.5207073420828823,-1.1048701936819978,-0.007571027059830206,0.7192322686410908,0.694728452918584
0.31582324341243495,-1.494889494961852,-1.080442692781602,-0.007550958139070971,0.7334389848271861,0.6797133502932313
0.31555525605496854,-1.468572235003231,-1.056554070549607,-0.007527662810981023,0.7473323139074738,0.6644078166926588
0.31528815390283865,-1.4417668071641345,-1.0332145342238852,-0.00750115102929284,0.7609063194778618,0.6488183919340529
0.3150220510846533,-1.4144846649882437,-1.0104340564264158,-0.0074714341220796605,0.7741552015762431,0.6329517371368896
0.31475706130202064,-1.386737465711885,-0.9882223709021358,-0.007438524786915158,0.787073299160729,0.6168146318767416
0.31449329778096596,-1.358537065283072,-0.966588968359865,-0.007402437085447967,0.7996550925285242,0.6004139712884715
0.31423087322355203,-1.329895513295644,-0.9455430924170702,-0.007363186437393365,0.8118952056744111,0.5837567631200465
0.3139698997597231,-1.3008250478406609,-0.925093735650214,-0.0073207896139446645,0.8237884085878324,0.566850124738237
0.3137104888993938,-1.2713380902772566,-0.9052496357523625,-0.00727526473060713,0.8353296194875949,0.5497012800874759
0.31345275148480234,-1.2414472399251855,-0.8860192717997075,-0.007226631239457525,0.8465139069932339,0.5323175566031796
0.31319679764314967,-1.2111652686813268,-0.8674108606285884,-0.007174909920832528,0.8573364922321177,0.5147063820808481
0.3129427367395436,-1.1805051155624535,-0.8494323533245633,-0.007120122874449613,0.8677927508813843,0.4968752815022825
0.3126906773302689,-1.1494798811765896,-0.8320914318250363,-0.007062293509964201,0.8778782151438433,0.4788318738202787
0.31244072711640275,-1.1181028221253229,-0.8153955056368825,-0.007001446536967049,0.8875885756569964,0.46058386870316503
0.31219299289779595,-1.0863873453394661,-0.7993517086704818,-0.006937607954426257,0.8969196833343616,0.44213906324058216
0.3119475805274389,-1.0543470023504828,-0.7839668961915096,-0.006870805039578287,0.9058675511383123,0.4235053386119064
0.3117045948662321,-1.0219954835001273,-0.7692476418917871,-0.006801066336272827,0.9144283557836781,0.4046906567187444
0.31146413973818093,-0.9893466120907743,-0.7552002350804461,-0.0067284216427764745,0.9225984393713745,0.38570305678293654
0.3112263178860333,-0.9564143384789374,-0.7418306779966033,-0.006652901999040349,0.9303743109513665,0.36655065191152125
0.310991230927379,-0.9232127341144962,-0.7291446832446982,-0.006574539673437247,0.9377526480142974,0.3472416256301304
0.31075897931123037,-0.8897559855281858,-0.7171476713535839,-0.006493368148973848,0.9447302979111458,0.3277842283862967
0.31052966227510165,-0.8560583882699087,-0.7058447684604205,-0.006409422108983931,0.9513042792003032,0.30818677402416306
0.31030337780260686,-0.8221343408004729,-0.6952408041203568,-0.006322737422308759,0.9574717829214985,0.2884576362321086
0.31008022258159224,-0.7879983383393498,-0.6853403092429335,-0.0062333511279708455,0.9632301737960223,0.26860524496479987
0.3098602919628237,-0.7536649666710908,-0.6761475141560995,-0.006141301419347781,0.9685769913527413,0.2486380828412022
0.30964367991924446,-0.7191488959130519,-0.6676663467986554,-0.006046627627852769,0.973509950979419,0.2285646815200882
0.30943047900582205,-0.6844648742470745,-0.6599004310419071,-0.0059493702061289375,0.9780269448988954,0.20839361805459222
0.30922078032000094,-0.6496277216178208,-0.6528530851412429,-0.0058495707107645645,0.9821260430697077,0.188133511227369
0.30901467346277806,-0.614652323400438,-0.6465273203182922,-0.005747271784536561,0.985805494010766,0.1677930178679205
0.3088122465004177,-0.5795536240402708,-0.6409258394742798,-0.005642517138189898,0.9890637255497354,0.1473808291536679
0.3086135859268222,-0.5443466206673282,-0.6360510360351156,-0.005535351531760686,0.9918993454948004,0.12690566689634544
0.30841877662657424,-0.5090463566882462,-0.6319049929287224,-0.0054258207554508725,0.9943111422295263,0.10637627981530623
0.30822790183866716,-0.4736679153584724,-0.6284894816950328,-0.005313971610062845,0.9962980852305643,0.08580143979932975
0.3080410431209383,-0.43822641333742274,-0.6258059617290371,-0.005199851887002137,0.99785932550798,0.06518993815852922
0.3078582803152203,-0.4027369942293695,-0.6238555796572078,-0.0050835103478569146,0.9989941959680093,0.04455058186796279
0.30767969151322616,-0.36721482211281176,-0.6226391688475621,-0.004964996703562913,0.9997022116981022,0.023892189804547333
0.307505353023182,-0.33167507506110283,-0.622157249053578,-0.004844361593162712,0.9999830701741155,0.00322358897889103
0.30733533933722124,-0.2961329386570939,-0.6224100261921106,-0.0047216565621684674,0.999836651389577,-0.01744638923635243
0.3071697230995558,-0.26060359950456746,-0.6233973922554084,-0.004596934040537313,0.9992630179069635,-0.038108912879991574
0.3070085750754361,-0.22510223873924007,-0.6251189253572611,-0.004470247320268835,0.998262414830967,-0.058755153176058866
0.30685196412091403,-0.18964402554209725,-0.6275738899132695,-0.004341650532634257,0.9968352697037671,-0.07937628830620738
0.30669995715342224,-0.15424411065783739,-0.630761236955143,-0.004211198625046965,0.9949821923223483,-0.09996350717913943
0.3065526191231809,-0.11891761992119365,-0.6346796045789138,-0.004078947337584338,0.9927039744779422,-0.12050801319544756
0.3064100129854458,-0.08367964779389903,-0.6393273185268519,-0.003944953179170872,0.9900015896177088,-0.14100102800626596
0.30627219967360836,-0.0485452509150579,-0.6447023929028528,-0.0038092734034327943,0.9868761924287965,-0.16143379526412244
0.3061392380731599,-0.013529441667677222,-0.6508025310209796,-0.0036719659842344883,0.9833291183449636,-0.18179758436438975
0.3060111849965306,0.02135281823589219,-0.6576251263868014,-0.0035330895909071406,0.979361882975966,-0.202083694175738
0.3058880951588146,0.05608662414686583,-0.6651672638111057,-0.0033927035631802598,0.9749761814599628,-0.22228345675799308
0.30577002115439095,0.09065713484854365,-0.673425720655517,-0.0032508678858267203,0.9701738877392085,-0.2423882410658131
0.30565701343445095,0.1250495788977406,-0.6823969682094775,-0.0031076431630322164,0.9649570537593481,-0.26238945663659974
2,2,2,1.0E-5,2.441162027219145,100000.0
0.30565701343445084,0.1250495788977406,-0.6823969682094775,-0.8403278063186179,0.5230837728878265,0.1422411490011828
0.26462948681042336,0.15058822376630632,-0.6754522943764834,-0.8403278063186179,0.5230837728878265,0.1422411490011828
0.22360196018639586,0.17612686863487204,-0.6685076205434892,-0.8403278063186179,0.5230837728878265,0.1422411490011828
0.18257443356236838,0.20166551350343773,-0.661562946710495,-0.8403278063186179,0.5230837728878265,0.1422411490011828
0.14154690693834088,0.22720415837200345,-0.6546182728775009,-0.8403278063186179,0.5230837728878265,0.1422411490011828
0.10051938031431343,0.2527428032405692,-0.6476735990445067,-0.8403278063186179,0.5230837728878265,0.1422411490011828
0.05949185369028592,0.27828144810913485,-0.6407289252115126,-0.8403278063186179,0.5230837728878265,0.1422411490011828
0.018464327066258446,0.30382009297770063,-0.6337842513785183,-0.8403278063186179,0.5230837728878265,0.1422411490011828
-0.022563199557769087,0.3293587378462663,-0.6268395775455242,-0.8403278063186179,0.5230837728878265,0.1422411490011828
-0.06359072618179651,0.35489738271483207,-0.6198949037125301,-0.8403278063186179,0.5230837728878265,0.1422411490011828
-0.10461825280582399,0.38043602758339773,-0.612950229879536,-0.8403278063186179,0.5230837728878265,0.1422411490011828
-0.14564577942985146,0.4059746724519634,-0.6060055560465418,-0.8403278063186179,0.5230837728878265,0.1422411490011828
-0.186673306053879,0.4315133173205291,-0.5990608822135477,-0.8403278063186179,0.5230837728878265,0.1422411490011828
-0.22770083267790642,0.45705196218909483,-0.5921162083805535,-0.8403278063186179,0.5230837728878265,0.1422411490011828
-0.26872835930193395,0.4825906070576606,-0.5851715345475593,-0.8403278063186179,0.5230837728878265,0.1422411490011828
-0.30975588592596137,0.5081292519262262,-0.5782268607145652,-0.8403278063186179,0.5230837728878265,0.1422411490011828
-0.350783412549989,0.533667896794792,-0.571282186881571,-0.8403278063186179,0.5230837728878265,0.1422411490011828
-0.39181093917401655,0.5592065416633577,-0.5643375130485768,-0.8403278063186179,0.5230837728878265,0.1422411490011828
-0.43283846579804386,0.5847451865319235,-0.5573928392155827,-0.8403278063186179,0.5230837728878265,0.1422411490011828
-0.4738659924220713,0.610283831400489,-0.5504481653825886,-0.8403278063186179,0.5230837728878265,0.1422411490011828
-0.5148935190460988,0.6358224762690549,-0.5435034915495944,-0.8403278063186179,0.5230837728878265,0.1422411490011828
-0.5559210456701262,0.6613611211376205,-0.5365588177166003,-0.8403278063186179,0.5230837728878265,0.1422411490011828
-0.5969485722941538,0.6868997660061862,-0.5296141438836062,-0.8403278063186179,0.5230837728878265,0.1422411490011828
-0.6379760989181813,0.7124384108747519,-0.522669470050612,-0.8403278063186179,0.5230837728878265,0.1422411490011828
-0.6790036255422088,0.7379770557433176,-0.5157247962176178,-0.8403278063186179,0.5230837728878265,0.1422411490011828
-0.7200311521662363,0.7635157006118833,-0.5087801223846237,-0.8403278063186179,0.5230837728878265,0.1422411490011828
-0.7610586787902637,0.7890543454804491,-0.5018354485516294,-0.8403278063186179,0.5230837728878265,0.1422411490011828
-0.8020862054142911,0.8145929903490147,-0.4948907747186353,-0.8403278063186179,0.5230837728878265,0.1422411490011828
-0.8431137320383187,0.8401316352175806,-0.4879461008856411,-0.8403278063186179,0.5230837728878265,0.1422411490011828
-0.8841412586623462,0.865670280086146,-0.481001427052647,-0.8403278063186179,0.5230837728878265,0.1422411490011828
-0.9251687852863736,0.8912089249547118,-0.4740567532196529,-0.8403278063186179,0.5230837728878265,0.1422411490011828
-0.9661963119104012,0.9167475698232775,-0.46711207938665866,-0.8403278063186179,0.5230837728878265,0.1422411490011828
-1.0072238385344288,0.9422862146918434,-0.4601674055536645,-0.8403278063186179,0.5230837728878265,0.1422411490011828
-1.0482513651584564,0.9678248595604091,-0.4532227317206703,-0.8403278063186179,0.5230837728878265,0.1422411490011828
-1.089278891782484,0.9933635044289748,-0.44627805788767627,-0.8403278063186179,0.5230837728878265,0.1422411490011828
-1.1303064184065112,1.0189021492975405,-0.439333384054682,-0.8403278063186179,0.5230837728878265,0.1422411490011828
-1.1713339450305384,1.0444407941661065,-0.4323887102216879,-0.8403278063186179,0.5230837728878265,0.1422411490011828
-1.2123614716545656,1.0699794390346717,-0.42544403638869377,-0.8403278063186179,0.5230837728878265,0.1422411490011828
-1.2533889982785933,1.0955180839032375,-0.4184993625556996,-0.8403278063186179,0.5230837728878265,0.1422411490011828
-1.294416524902621,1.1210567287718032,-0.4115546887227054,-0.8403278063186179,0.5230837728878265,0.1422411490011828
-1.3354440515266486,1.1465953736403691,-0.4046100148897114,-0.8403278063186179,0.5230837728878265,0.1422411490011828
-1.3764715781506758,1.1721340185089348,-0.397665341056717,-0.8403278063186179,0.5230837728878265,0.1422411490011828
-1.4174991047747034,1.1976726633775003,-0.390720667223723,-0.8403278063186179,0.5230837728878265,0.1422411490011828
-1.458526631398731,1.2232113082460665,-0.3837759933907287,-0.8403278063186179,0.5230837728878265,0.1422411490011828
-1.4995541580227583,1.2487499531146318,-0.3768313195577348,-0.8403278063186179,0.5230837728878265,0.1422411490011828
-1.540581684646786,1.2742885979831977,-0.3698866457247405,-0.8403278063186179,0.5230837728878265,0.1422411490011828
-1.5816092112708136,1.2998272428517632,-0.3629419718917465,-0.8403278063186179,0.5230837728878265,0.1422411490011828
-1.6226367378948408,1.325365887720329,-0.3559972980587522,-0.8403278063186179,0.5230837728878265,0.1422411490011828
-1.6636642645188684,1.3509045325888946,-0.3490526242257581,-0.8403278063186179,0.5230837728878265,0.1422411490011828
-1.7046917911428956,1.3764431774574604,-0.342107950392764,-0.8403278063186179,0.5230837728878265,0.1422411490011828
-1.7457193177669232,1.401981822326026,-0.33516327655976985,-0.8403278063186179,0.5230837728878265,0.1422411490011828
