18,0,2.054E-01,.2821,.2712
18,0,2.086E-01,.2829,.2720
18,0,2.132E-01,.2884,.2764
18,0,2.199E-01,.2987,.2755
18,0,2.373E-01,.3130,.2817
18,0,2.548E-01,.3329,.2832
18,0,2.918E-01,.3624,.2905
00,0,3.355E-01,.3974,.2938
00,0,4.085E-01,.4329,.3048
00,0,4.910E-01,.4632,.3097
00,0,5.874E-01,.4871,.3152
00,0,7.207E-01,.5130,.3208
00,0,8.609E-01,.5337,.3229
00,0,1.038E+00,.5493,.3265
00,0,1.223E+00,.5618,.3279
00,0,1.425E+00,.5729,.3316
00,0,1.669E+00,.5822,.3330
00,0,1.902E+00,.5891,.3338
00,0,2.191E+00,.5937,.3340
00,0,2.525E+00,.6005,.3359
00,0,2.893E+00,.6053,.3369
00,0,3.273E+00,.6087,.3376
00,0,3.623E+00,.6114,.3378
00,0,4.039E+00,.6139,.3386
00,0,4.489E+00,.6169,.3396
00,0,4.934E+00,.6185,.3392
00,0,5.468E+00,.6202,.3395
00,0,5.979E+00,.6220,.3400
00,0,6.492E+00,.6235,.3406
00,0,7.007E+00,.6244,.3407
00,0,7.542E+00,.6258,.3409
00,0,8.192E+00,.6265,.3412
00,0,8.813E+00,.6278,.3416
00,0,9.491E+00,.6288,.3419
00,0,1.023E+01,.6292,.3418
00,0,1.108E+01,.6306,.3421
00,0,1.192E+01,.6311,.3420
00,0,1.278E+01,.6316,.3421
00,0,1.375E+01,.6319,.3424
00,0,1.467E+01,.6334,.3429
00,0,1.570E+01,.6337,.3426
00,0,1.683E+01,.6348,.3431
00,0,1.791E+01,.6351,.3430
00,0,1.911E+01,.6357,.3433
00,0,2.032E+01,.6363,.3436
00,0,2.165E+01,.6368,.3438
00,0,2.327E+01,.6367,.3436
00,0,2.479E+01,.6374,.3437
00,0,2.633E+01,.6385,.3441
00,0,2.788E+01,.6392,.3442
00,0,2.959E+01,.6393,.3440
00,0,3.116E+01,.6398,.3442
18,0,2.198E-01,.2885,.2744
18,0,2.221E-01,.2839,.2797
18,0,2.209E-01,.2825,.2808
18,0,2.326E-01,.2792,.2856
18,0,2.540E-01,.2824,.3019
18,0,2.935E-01,.2806,.3246
00,0,3.570E-01,.2816,.3551
00,0,4.730E-01,.2799,.3982
00,0,6.364E-01,.2808,.4354
00,0,8.559E-01,.2807,.4674
00,0,1.121E+00,.2814,.4996
00,0,1.425E+00,.2812,.5184
00,0,1.836E+00,.2823,.5375
00,0,2.289E+00,.2822,.5514
00,0,2.858E+00,.2823,.5623
00,0,3.421E+00,.2828,.5713
00,0,4.066E+00,.2832,.5772
00,0,4.701E+00,.2833,.5810
00,0,5.470E+00,.2837,.5867
00,0,6.337E+00,.2838,.5896
00,0,7.385E+00,.2841,.5927
00,0,8.420E+00,.2841,.5963
00,0,9.564E+00,.2840,.5969
00,0,1.075E+01,.2844,.5989
00,0,1.210E+01,.2848,.6011
00,0,1.339E+01,.2852,.6014
00,0,1.487E+01,.2851,.6040
00,0,1.651E+01,.2851,.6050
00,0,1.798E+01,.2852,.6054
00,0,1.946E+01,.2861,.6059
00,0,2.123E+01,.2858,.6071
00,0,2.293E+01,.2861,.6074
00,0,2.469E+01,.2864,.6084
00,0,2.669E+01,.2862,.6084
00,0,2.838E+01,.2864,.6095
00,0,3.061E+01,.2869,.6094
00,0,3.300E+01,.2871,.6101
00,0,3.549E+01,.2874,.6111
00,0,3.823E+01,.2877,.6116
00,0,4.083E+01,.2881,.6112
00,0,4.340E+01,.2879,.6123
00,0,4.673E+01,.2884,.6115
00,0,4.975E+01,.2892,.6132
00,0,5.283E+01,.2896,.6126
00,0,5.624E+01,.2896,.6135
00,0,5.980E+01,.2908,.6141
00,0,6.354E+01,.2909,.6139
00,0,6.759E+01,.2917,.6154
00,0,7.142E+01,.2921,.6150
00,0,7.555E+01,.2932,.6158
00,0,7.954E+01,.2940,.6157
00,0,8.354E+01,.2954,.6157
18,0,2.147E-01,.2890,.2846
18,0,2.011E-01,.2828,.2733
18,0,2.091E-01,.2789,.2705
18,0,2.058E-01,.2695,.2602
18,0,2.111E-01,.2717,.2531
18,0,2.118E-01,.2574,.2324
18,0,2.242E-01,.2439,.2101
18,0,2.331E-01,.2272,.1881
18,0,2.538E-01,.2133,.1604
00,0,2.749E-01,.2008,.1406
00,0,3.055E-01,.1867,.1199
00,0,3.376E-01,.1810,.1098
00,0,3.854E-01,.1736,0.0983
00,0,4.268E-01,.1693,0.0918
00,0,4.994E-01,.1652,0.0859
00,0,5.597E-01,.1623,0.0807
00,0,6.388E-01,.1601,0.0777
00,0,7.200E-01,.1581,0.0748
00,0,8.020E-01,.1570,0.0732
00,0,8.970E-01,.1557,0.0708
00,0,1.009E+00,.1549,0.0696
00,0,1.141E+00,.1541,0.0684
00,0,1.265E+00,.1534,0.0676
00,0,1.422E+00,.1525,0.0663
00,0,1.540E+00,.1522,0.0657
00,0,1.712E+00,.1517,0.0652
00,0,1.850E+00,.1513,0.0645
00,0,2.050E+00,.1509,0.0644
00,0,2.216E+00,.1507,0.0640
00,0,2.431E+00,.1504,0.0636
00,0,2.614E+00,.1501,0.0636
00,0,2.834E+00,.1500,0.0635
00,0,2.998E+00,.1497,0.0632
00,0,3.221E+00,.1498,0.0634
00,0,3.429E+00,.1496,0.0630
00,0,3.637E+00,.1493,0.0631
00,0,3.873E+00,.1492,0.0629
00,0,4.085E+00,.1491,0.0630
00,0,4.394E+00,.1491,0.0633
00,0,4.637E+00,.1490,0.0632
00,0,4.964E+00,.1487,0.0632
00,0,5.237E+00,.1487,0.0633
00,0,5.624E+00,.1486,0.0635
00,0,5.870E+00,.1485,0.0635
00,0,6.231E+00,.1484,0.0638
00,0,6.566E+00,.1483,0.0640
00,0,6.947E+00,.1482,0.0642
00,0,7.286E+00,.1482,0.0645
00,0,7.673E+00,.1481,0.0650
00,0,7.990E+00,.1479,0.0651
00,0,8.348E+00,.1479,0.0655
00,0,8.724E+00,.1477,0.0659
