00,0
1.617E-01
0380.,1.465E-05
0384.,3.344E-06
0388.,2.137E-06
0392.,1.783E-06
0396.,5.488E-06
0400.,6.776E-06
0404.,1.055E-05
0408.,1.664E-05
0412.,5.724E-06
0416.,1.394E-06
0420.,4.331E-06
0424.,8.277E-06
0428.,1.199E-05
0432.,1.914E-05
0436.,1.052E-05
0440.,1.538E-05
0444.,9.824E-06
0448.,1.555E-05
0452.,1.774E-05
0456.,2.210E-05
0460.,1.756E-05
0464.,2.328E-05
0468.,4.460E-05
0472.,1.012E-04
0476.,2.309E-04
0480.,5.126E-04
0484.,1.008E-03
0488.,1.490E-03
0492.,1.579E-03
0496.,1.270E-03
0500.,8.734E-04
0504.,5.489E-04
0508.,3.802E-04
0512.,3.119E-04
0516.,2.600E-04
0520.,2.205E-04
0524.,1.817E-04
0528.,1.918E-04
0532.,3.864E-04
0536.,1.493E-03
0540.,4.682E-03
0544.,7.675E-03
0548.,6.161E-03
0552.,2.948E-03
0556.,1.056E-03
0560.,3.437E-04
0564.,1.459E-04
0568.,1.304E-04
0572.,2.566E-04
0576.,5.754E-04
0580.,9.042E-04
0584.,1.038E-03
0588.,8.795E-04
0592.,5.664E-04
0596.,2.940E-04
0600.,1.471E-04
0604.,1.215E-04
0608.,1.954E-04
0612.,2.389E-04
0616.,1.672E-04
0620.,7.457E-05
0624.,4.413E-05
0628.,2.496E-05
0632.,1.539E-05
0636.,6.943E-06
0640.,6.169E-06
0644.,7.283E-06
0648.,1.256E-05
0652.,1.204E-05
0656.,2.521E-06
0660.,1.309E-06
0664.,4.922E-06
0668.,9.615E-06
0672.,6.614E-06
0676.,1.860E-06
0680.,4.100E-06
0684.,5.011E-06
0688.,8.318E-06
0692.,1.059E-05
0696.,2.449E-06
0700.,1.269E-05
0704.,1.497E-05
0708.,4.399E-05
0712.,1.625E-05
0716.,1.220E-05
0720.,2.618E-05
0724.,8.610E-06
0728.,2.200E-06
0732.,7.704E-06
0736.,8.255E-06
0740.,4.636E-06
0744.,3.419E-06
0748.,4.727E-06
0752.,3.261E-06
0756.,1.253E-05
0760.,2.202E-05
0764.,4.155E-05
0768.,1.298E-05
0772.,1.042E-05
0776.,3.078E-05
0780.,1.672E-05
