00,0
1.213E-01
0380.,9.709E-06
0384.,1.435E-05
0388.,1.448E-05
0392.,1.625E-05
0396.,2.312E-05
0400.,4.203E-05
0404.,7.204E-05
0408.,8.424E-05
0412.,1.108E-04
0416.,2.092E-04
0420.,3.905E-04
0424.,6.194E-04
0428.,1.006E-03
0432.,1.870E-03
0436.,2.624E-03
0440.,2.264E-03
0444.,1.806E-03
0448.,1.770E-03
0452.,1.747E-03
0456.,1.705E-03
0460.,1.602E-03
0464.,1.460E-03
0468.,1.316E-03
0472.,1.129E-03
0476.,9.919E-04
0480.,1.003E-03
0484.,1.211E-03
0488.,1.347E-03
0492.,1.151E-03
0496.,7.265E-04
0500.,4.145E-04
0504.,2.161E-04
0508.,1.230E-04
0512.,8.198E-05
0516.,5.606E-05
0520.,3.591E-05
0524.,2.659E-05
0528.,2.023E-05
0532.,2.365E-05
0536.,5.621E-05
0540.,1.480E-04
0544.,2.215E-04
0548.,1.658E-04
0552.,7.217E-05
0556.,2.299E-05
0560.,7.358E-06
0564.,3.453E-06
0568.,3.230E-06
0572.,3.813E-06
0576.,5.498E-06
0580.,7.931E-06
0584.,9.771E-06
0588.,7.248E-06
0592.,7.113E-06
0596.,5.604E-06
0600.,4.015E-06
0604.,3.715E-06
0608.,9.046E-06
0612.,1.265E-05
0616.,9.486E-06
0620.,6.234E-06
0624.,6.462E-06
0628.,5.490E-06
0632.,5.013E-06
0636.,2.300E-06
0640.,4.283E-07
0644.,2.628E-06
0648.,3.475E-06
0652.,1.937E-06
0656.,3.358E-06
0660.,1.712E-06
0664.,2.779E-06
0668.,1.871E-06
0672.,2.801E-06
0676.,4.907E-06
0680.,2.709E-06
0684.,3.732E-06
0688.,3.169E-06
0692.,4.986E-06
0696.,1.912E-06
0700.,5.284E-06
0704.,4.586E-06
0708.,1.060E-05
0712.,1.095E-05
0716.,3.444E-06
0720.,2.944E-06
0724.,3.470E-06
0728.,9.233E-06
0732.,2.238E-06
0736.,2.402E-06
0740.,6.609E-07
0744.,4.398E-06
0748.,1.113E-06
0752.,6.194E-06
0756.,2.255E-06
0760.,5.037E-06
0764.,8.786E-06
0768.,1.209E-05
0772.,1.148E-05
0776.,7.244E-06
0780.,8.952E-06
