00
00,0
1.060E-01
0380.,3.291E-06
0384.,5.387E-06
0388.,1.288E-06
0392.,2.842E-06
0396.,4.940E-06
0400.,6.963E-06
0404.,1.862E-05
0408.,1.364E-05
0412.,1.272E-05
0416.,1.823E-05
0420.,2.394E-05
0424.,2.788E-05
0428.,3.113E-05
0432.,4.505E-05
0436.,4.969E-05
0440.,3.869E-05
0444.,2.107E-05
0448.,1.547E-05
0452.,1.389E-05
0456.,1.023E-05
0460.,4.446E-06
0464.,7.725E-06
0468.,7.995E-06
0472.,4.220E-06
0476.,5.750E-06
0480.,6.904E-06
0484.,9.934E-06
0488.,1.356E-05
0492.,1.256E-05
0496.,6.479E-06
0500.,8.219E-06
0504.,3.931E-06
0508.,3.426E-06
0512.,4.072E-06
0516.,1.398E-06
0520.,2.858E-06
0524.,1.209E-06
0528.,3.821E-06
0532.,2.140E-06
0536.,3.028E-06
0540.,9.737E-06
0544.,1.561E-05
0548.,1.350E-05
0552.,7.002E-06
0556.,4.258E-06
0560.,7.488E-06
0564.,5.383E-06
0568.,1.066E-05
0572.,3.162E-05
0576.,1.170E-04
0580.,3.602E-04
0584.,7.693E-04
0588.,1.046E-03
0592.,9.468E-04
0596.,6.940E-04
0600.,5.340E-04
0604.,9.432E-04
0608.,2.761E-03
0612.,4.059E-03
0616.,3.264E-03
0620.,2.040E-03
0624.,1.422E-03
0628.,1.083E-03
0632.,7.890E-04
0636.,4.278E-04
0640.,2.271E-04
0644.,2.313E-04
0648.,2.877E-04
0652.,2.893E-04
0656.,2.224E-04
0660.,1.971E-04
0664.,2.174E-04
0668.,2.071E-04
0672.,1.824E-04
0676.,1.700E-04
0680.,1.716E-04
0684.,1.638E-04
0688.,1.575E-04
0692.,1.337E-04
0696.,1.019E-04
0700.,1.151E-04
0704.,2.596E-04
0708.,4.307E-04
0712.,3.349E-04
0716.,1.380E-04
0720.,4.100E-05
0724.,2.481E-05
0728.,1.663E-05
0732.,7.942E-06
0736.,1.748E-05
0740.,2.604E-05
0744.,3.385E-05
0748.,2.530E-05
0752.,2.820E-05
0756.,1.921E-05
0760.,3.402E-05
0764.,5.104E-05
0768.,3.847E-05
0772.,2.815E-05
0776.,1.586E-05
0780.,7.299E-06
